Version identifier: 22.1.1.0 | 2022-11-27 | 9160aff4d
CPXPARAM_Read_DataCheck                          1
CPXPARAM_TimeLimit                               14400
1 of 1 MIP starts provided solutions.
MIP start 'm1' defined initial solution with objective 61371.3100.
Tried aggregator 4 times.
MIP Presolve eliminated 3597 rows and 5735 columns.
MIP Presolve modified 9840 coefficients.
Aggregator did 434 substitutions.
Reduced MIP has 6309 rows, 8881 columns, and 31220 nonzeros.
Reduced MIP has 6127 binaries, 2754 generals, 0 SOSs, and 0 indicators.
Presolve time = 0.22 sec. (57.06 ticks)
Probing fixed 0 vars, tightened 1224 bounds.
Probing time = 0.05 sec. (4.33 ticks)
Tried aggregator 6 times.
MIP Presolve eliminated 591 rows and 866 columns.
MIP Presolve modified 15 coefficients.
Aggregator did 314 substitutions.
Reduced MIP has 5404 rows, 7701 columns, and 26753 nonzeros.
Reduced MIP has 6261 binaries, 1440 generals, 0 SOSs, and 0 indicators.
Presolve time = 0.42 sec. (106.72 ticks)
Probing time = 0.05 sec. (2.44 ticks)
Tried aggregator 5 times.
Detecting symmetries...
MIP Presolve eliminated 724 rows and 622 columns.
MIP Presolve modified 123 coefficients.
Aggregator did 376 substitutions.
Reduced MIP has 4304 rows, 6703 columns, and 22926 nonzeros.
Reduced MIP has 5263 binaries, 1440 generals, 0 SOSs, and 0 indicators.
Presolve time = 0.19 sec. (37.64 ticks)
Probing time = 0.03 sec. (2.96 ticks)
Clique table members: 16437.
MIP emphasis: balance optimality and feasibility.
MIP search method: dynamic search.
Parallel mode: deterministic, using up to 4 threads.
Root relaxation solution time = 0.16 sec. (50.44 ticks)

        Nodes                                         Cuts/
   Node  Left     Objective  IInf  Best Integer    Best Bound    ItCnt     Gap

*     0+    0                        61371.3100        0.0000           100.00%
      0     0    10576.9228   217    61371.3100    10576.9228     2188   82.77%
      0     0    17804.6282   569    61371.3100     Cuts: 653     3947   70.99%
      0     0    21468.8218   791    61371.3100     Cuts: 566     5433   65.02%
      0     0    23066.8081   941    61371.3100     Cuts: 369     6604   62.41%
      0     0    25109.7090  1242    61371.3100     Cuts: 353     7651   59.09%
      0     0    25623.9820  1392    61371.3100     Cuts: 319     8490   58.25%
Detecting symmetries...
      0     0    25942.4027  1320    61371.3100     Cuts: 240     9163   57.73%
      0     0    26203.6222  1375    61371.3100     Cuts: 217     9783   57.30%
      0     0    26412.9288  1427    61371.3100     Cuts: 161    10362   56.96%
      0     0    26577.6271  1510    61371.3100     Cuts: 111    10836   56.69%
      0     0    26634.8843  1477    61371.3100     Cuts: 115    11179   56.60%
      0     0    26664.3460  1586    61371.3100     Cuts: 102    11471   56.55%
      0     0    26700.1017  1557    61371.3100      Cuts: 82    11728   56.49%
      0     0    26733.6360  1596    61371.3100      Cuts: 60    11990   56.44%
      0     0    26781.7476  1595    61371.3100      Cuts: 71    12317   56.36%
      0     0    26843.1722  1600    61371.3100      Cuts: 59    12748   56.26%
      0     0    26902.9042  1541    61371.3100     Cuts: 126    13132   56.16%
      0     0    26932.0630  1583    61371.3100      Cuts: 99    13431   56.12%
      0     0    26974.4627  1510    61371.3100      Cuts: 87    13737   56.05%
      0     0    27181.1147  1534    61371.3100      Cuts: 88    14090   55.71%
      0     0    27292.7053  1621    61371.3100     Cuts: 121    14417   55.53%
      0     0    27391.8535  1584    61371.3100     Cuts: 132    14837   55.37%
      0     0    27454.8489  1580    61371.3100     Cuts: 112    15155   55.26%
      0     0    27528.1068  1637    61371.3100     Cuts: 119    15457   55.14%
      0     0    27592.2756  1638    61371.3100      Cuts: 99    15766   55.04%
      0     0    27625.7839  1584    61371.3100      Cuts: 69    16044   54.99%
      0     0    27659.1360  1583    61371.3100      Cuts: 71    16230   54.93%
      0     0    27694.3777  1602    61371.3100      Cuts: 67    16436   54.87%
      0     0    27718.6226  1618    61371.3100      Cuts: 49    16671   54.83%
      0     0    27726.3267  1583    61371.3100      Cuts: 51    16822   54.82%
      0     0    27726.8058  1643    61371.3100      Cuts: 41    16895   54.82%
      0     0    27727.5824  1604    61371.3100      Cuts: 15    16965   54.82%
      0     0    28293.4772  1526    61371.3100     Cuts: 139    18110   53.90%
      0     0    28480.4709  1597    61371.3100     Cuts: 251    18950   53.59%
      0     0    28554.8572  1627    61371.3100     Cuts: 143    19447   53.47%
      0     0    28625.8102  1672    61371.3100     Cuts: 136    19804   53.36%
      0     0    28677.5087  1654    61371.3100      Cuts: 87    20131   53.27%
      0     0    28724.8180  1697    61371.3100      Cuts: 88    20452   53.20%
      0     0    28739.8564  1724    61371.3100      Cuts: 59    20719   53.17%
      0     0    28790.5392  1725    61371.3100      Cuts: 63    20966   53.09%
      0     0    28832.9257  1725    61371.3100      Cuts: 69    21220   53.02%
      0     0    28860.8970  1723    61371.3100      Cuts: 62    21468   52.97%
      0     0    28868.9378  1736    61371.3100      Cuts: 49    21571   52.96%
*     0+    0                        61318.1900    28868.9378            52.92%
Detecting symmetries...
      0     2    28868.9378  1695    61318.1900    28868.9378    21571   52.92%
Elapsed time = 33.83 sec. (8210.59 ticks, tree = 0.02 MB, solutions = 2)
      2     4    32765.9234  1460    61318.1900    28869.6412    22855   52.92%
      8    10    33342.8319  1395    61318.1900    28869.6412    23959   52.92%
     10     5    33482.1081  1361    61318.1900    28869.6412    23893   52.92%
     20    18    29355.9630  1445    61318.1900    28869.6412    27262   52.92%
     27    20    34073.4946  1372    61318.1900    29034.1705    29575   52.65%
     37    29    30573.1290  1461    61318.1900    29034.1705    33548   52.65%
     45    43    36439.5235  1215    61318.1900    29034.1705    40818   52.65%
     54    47    31921.7453  1323    61318.1900    29034.1705    42843   52.65%
     64    48    32021.4184  1321    61318.1900    29034.1705    42995   52.65%
    121   107    47354.3001   929    61318.1900    29034.1705    58064   52.65%
Elapsed time = 47.20 sec. (12105.61 ticks, tree = 1.83 MB, solutions = 2)
    208   182    56111.9615   640    61318.1900    29034.1705    72407   52.65%
    334   268    35856.0007  1085    61318.1900    29034.1705    86187   52.65%
    448   410    54061.5522   543    61318.1900    29034.1705   104633   52.65%
    559   435    32413.8413  1290    61318.1900    29147.8326   113459   52.46%
    619   586    32155.3240  1332    61318.1900    29147.8326   136856   52.46%
    690   623    37347.2161  1106    61318.1900    29180.4968   143345   52.41%
    734   677    35366.7509  1379    61318.1900    29180.4968   153984   52.41%
    824   718    39218.3743  1081    61318.1900    29180.4968   165083   52.41%
   1011   914    49052.3549   597    61318.1900    29180.4968   184197   52.41%
   1144  1027    44828.4780   869    61318.1900    29180.4968   199026   52.41%
Elapsed time = 77.67 sec. (21715.93 ticks, tree = 33.88 MB, solutions = 2)

Performing restart 1

Repeating presolve.
Tried aggregator 1 time.
MIP Presolve modified 18 coefficients.
Reduced MIP has 4304 rows, 6703 columns, and 22920 nonzeros.
Reduced MIP has 5263 binaries, 1440 generals, 0 SOSs, and 0 indicators.
Presolve time = 0.05 sec. (12.69 ticks)
Tried aggregator 1 time.
Reduced MIP has 4304 rows, 6703 columns, and 22920 nonzeros.
Reduced MIP has 5263 binaries, 1440 generals, 0 SOSs, and 0 indicators.
Presolve time = 0.05 sec. (15.13 ticks)
Represolve time = 0.27 sec. (62.14 ticks)
   1315     0    29777.3519  1727    61318.1900    Cuts: 1176   232577   51.44%
   1315     0    31008.8662  1587    61318.1900    Cuts: 1176   234688   49.43%
   1315     0    31791.2486  1797    61318.1900    Cuts: 1176   236640   48.15%
   1315     0    32558.9555  1771    61318.1900    Cuts: 1176   238528   46.90%
   1315     0    33139.5590  1638    61318.1900    Cuts: 1176   240094   45.95%
   1315     0    34022.1342  1710    61318.1900    Cuts: 1176   241932   44.52%
   1315     0    34424.1517  1709    61318.1900    Cuts: 1176   243343   43.86%
   1315     0    35004.0422  1675    61318.1900    Cuts: 1176   244901   42.91%
   1315     0    35209.0707  1777    61318.1900    Cuts: 1176   246228   42.58%
   1315     0    35429.6543  1715    61318.1900    Cuts: 1176   247533   42.22%
   1315     0    35713.4911  1862    61318.1900    Cuts: 1176   249023   41.76%
   1315     0    35930.9799  1828    61318.1900    Cuts: 1176   250249   41.40%
   1315     0    36069.7864  1638    61318.1900    Cuts: 1176   251356   41.18%
   1315     0    36245.4680  1742    61318.1900    Cuts: 1176   252671   40.89%
   1315     0    36647.9225  1511    61318.1900    Cuts: 1176   253940   40.23%
   1315     0    36834.4496  1738    61318.1900    Cuts: 1176   255135   39.93%
   1315     0    37015.4889  1763    61318.1900    Cuts: 1176   256165   39.63%
   1315     0    37254.4400  1833    61318.1900    Cuts: 1176   257287   39.24%
   1315     0    37446.8069  1817    61318.1900    Cuts: 1176   258541   38.93%
   1315     0    37563.4290  1873    61318.1900    Cuts: 1176   259664   38.74%
   1315     0    37627.3086  1823    61318.1900    Cuts: 1176   260597   38.64%
   1315     0    37712.0960  1825    61318.1900    Cuts: 1176   261524   38.50%
   1315     0    37756.3082  1870    61318.1900    Cuts: 1176   262208   38.43%
   1315     0    37802.0103  1754    61318.1900     Cuts: 883   262853   38.35%
   1315     0    37823.7783  1824    61318.1900    Cuts: 1176   263421   38.32%
   1315     0    37880.8082  1845    61318.1900     Cuts: 854   264221   38.22%
   1315     0    37937.2985  1712    61318.1900     Cuts: 973   264934   38.13%
   1315     0    37961.5959  1925    61318.1900    Cuts: 1077   265513   38.09%
   1315     0    37997.8286  1828    61318.1900     Cuts: 911   266245   38.03%
   1315     0    38031.5607  1932    61318.1900    Cuts: 1021   266885   37.98%
   1315     0    38049.3605  1996    61318.1900     Cuts: 881   267525   37.95%
   1315     0    38108.6307  1942    61318.1900     Cuts: 781   268361   37.85%
   1315     0    38151.2581  1873    61318.1900     Cuts: 953   269079   37.78%
   1315     0    38180.0486  1696    61318.1900     Cuts: 871   269671   37.73%
   1315     0    38201.7056  1897    61318.1900     Cuts: 654   270202   37.70%
   1315     0    38224.5853  1769    61318.1900     Cuts: 874   270793   37.66%
   1315     0    38249.6178  1854    61318.1900     Cuts: 902   271516   37.62%
   1315     0    38345.2903  1841    61318.1900     Cuts: 977   272371   37.47%
   1315     0    38388.6868  1944    61318.1900    Cuts: 1176   272856   37.39%
   1315     0    38436.6778  1886    61318.1900    Cuts: 1066   273655   37.32%
   1315     0    38481.0140  2015    61318.1900    Cuts: 1158   274475   37.24%
   1315     0    38580.0171  1888    61318.1900    Cuts: 1176   275353   37.08%
   1315     0    38646.7580  1899    61318.1900    Cuts: 1176   276269   36.97%
   1315     0    38695.0330  1918    61318.1900    Cuts: 1124   277038   36.89%
   1315     0    38762.3732  1992    61318.1900     Cuts: 924   277880   36.78%
   1315     0    38828.4365  1973    61318.1900     Cuts: 945   278688   36.68%
   1315     0    38895.8731  1931    61318.1900    Cuts: 1176   279507   36.57%
   1315     0    38932.2763  1920    61318.1900     Cuts: 922   280203   36.51%
   1315     0    38960.6112  1972    61318.1900    Cuts: 1070   280955   36.46%
   1315     0    38981.7249  2062    61318.1900     Cuts: 930   281571   36.43%
   1315     0    38991.3733  1986    61318.1900     Cuts: 664   281982   36.41%
   1315     0    39007.5061  1947    61318.1900     Cuts: 675   282461   36.39%
   1315     0    39031.1401  1804    61318.1900     Cuts: 634   283133   36.35%
   1315     0    39033.1041  1884    61318.1900    Cuts: 1176   283500   36.34%
   1315     0    39055.8412  1824    61318.1900    Cuts: 1035   284333   36.31%
   1315     0    39076.5588  1771    61318.1900    Cuts: 1176   284980   36.27%
   1315     0    39140.8736  1844    61318.1900    Cuts: 1176   285763   36.17%
   1315     0    39160.2541  1881    61318.1900    Cuts: 1176   286310   36.14%
   1315     0    39195.4936  1918    61318.1900    Cuts: 1127   286994   36.08%
   1315     0    39229.6788  1959    61318.1900     Cuts: 975   287713   36.02%
   1315     0    39287.8290  1979    61318.1900     Cuts: 712   288408   35.93%
   1315     0    39319.6906  1924    61318.1900     Cuts: 917   288997   35.88%
   1315     0    39346.7734  1834    61318.1900     Cuts: 849   289604   35.83%
   1315     0    39360.4011  2073    61318.1900     Cuts: 951   290186   35.81%
   1315     0    39374.9651  1891    61318.1900     Cuts: 714   290891   35.79%
   1315     0    39380.5320  1867    61318.1900    Cuts: 1176   291269   35.78%
*  1315+    0                        61109.3800    39380.5320            35.56%
   1315     0  -1.00000e+75     0    61109.3800    39380.5320   291269   35.56%
   1315     2    39380.5320  1762    61109.3800    39380.5320   291269   35.56%
   1318     3    40756.8965  1690    61109.3800    39394.7582   294986   35.53%
   1333    17    39454.5091  1743    61109.3800    39404.7956   301887   35.52%
   1351    34    43401.8910  1552    61109.3800    39404.7956   306944   35.52%
   1364    45    40350.0962  1533    61109.3800    39404.7956   314279   35.52%
   1372    59    40381.1649  1570    61109.3800    39446.8275   325314   35.45%
   1386    67    40135.9533  1666    61109.3800    39446.8275   338825   35.45%
   1404    78    40157.0927  1650    61109.3800    39446.8275   345118   35.45%
   1421    93    40717.9935  1564    61109.3800    39446.8275   352931   35.45%
   1442   104    40797.8687  1562    61109.3800    39446.8275   356161   35.45%
Elapsed time = 262.03 sec. (78601.84 ticks, tree = 2.30 MB, solutions = 3)
   1482   135    40890.2055  1567    61109.3800    39446.8275   366127   35.45%
   1518   175    40721.6283  1608    61109.3800    39446.8275   377238   35.45%
   1550   222    40458.8438  1685    61109.3800    39446.8275   389595   35.45%
   1595   220    41425.7854  1454    61109.3800    39446.8275   388148   35.45%
   1624   248    40834.3246  1601    61109.3800    39446.8275   399672   35.45%
   1645   324    41730.3146  1459    61109.3800    39446.8275   415677   35.45%
   1674   338    42082.0359  1396    61109.3800    39446.8275   420754   35.45%
   1720   385    41854.0397  1465    61109.3800    39446.8275   428528   35.45%
   1756   404    40692.4354  1633    61109.3800    39446.8275   436826   35.45%
   1797   443    42005.5385  1543    61109.3800    39446.8275   443083   35.45%
Elapsed time = 295.12 sec. (88445.62 ticks, tree = 17.13 MB, solutions = 3)
   1847   474    41767.1616  1646    61109.3800    39446.8275   451692   35.45%
   1911   525    43041.8170  1394    61109.3800    39446.8275   461381   35.45%
   1980   546    43699.3661  1421    61109.3800    39446.8275   464597   35.45%
   2039   682    42428.3242  1613    61109.3800    39446.8275   496098   35.45%
   2096   691    43105.7563  1599    61109.3800    39446.8275   499258   35.45%
   2161   745    43902.8927  1387    61109.3800    39446.8275   509479   35.45%
   2210   815    43930.7027  1339    61109.3800    39446.8275   522387   35.45%
   2259   860    44907.7022  1496    61109.3800    39446.8275   531287   35.45%
   2293   923    42516.3412  1322    61109.3800    39446.8275   545622   35.45%
   2356   954    44922.6857  1548    61109.3800    39446.8275   552803   35.45%
Elapsed time = 329.33 sec. (98225.96 ticks, tree = 41.62 MB, solutions = 3)
   2417  1041    42015.7068  1335    61109.3800    39446.8275   573188   35.45%
   2488  1063    42199.6429  1428    61109.3800    39446.8275   576249   35.45%
   2545  1194    50654.3898  1442    61109.3800    39446.8275   597600   35.45%
   2651  1244    53630.1930  1299    61109.3800    39446.8275   600543   35.45%
   2736  1342    54397.7186  1293    61109.3800    39446.8275   617462   35.45%
   2818  1427    46457.4211  1435    61109.3800    39446.8275   634045   35.45%
   2897  1430    52349.6987  1389    61109.3800    39446.8275   637343   35.45%
   2972  1612    50755.1708  1220    61109.3800    39446.8275   658273   35.45%
   3024  1635    50448.5233  1249    61109.3800    39446.8275   662002   35.45%
   3077  1726    46762.7260  1404    61109.3800    39446.8275   683468   35.45%
Elapsed time = 362.62 sec. (108062.14 ticks, tree = 79.29 MB, solutions = 3)
   3131  1746    48296.3368  1359    61109.3800    39446.8275   686593   35.45%
   3194  1827    54204.6861  1135    61109.3800    39446.8275   704919   35.45%
   3291  1882    44400.4813  1231    61109.3800    39446.8275   712535   35.45%
   3392  1974    54288.6306  1120    61109.3800    39446.8275   728003   35.45%
   3456  1963    43366.5135  1591    61109.3800    39446.8275   730077   35.45%
   3518  2103    43810.1881  1644    61109.3800    39446.8275   748097   35.45%
   3619  2165    47202.7458  1183    61109.3800    39446.8275   755535   35.45%
   3719  2304    50305.6676  1438    61109.3800    39446.8275   779122   35.45%
   3787  2336    50767.1001  1340    61109.3800    39446.8275   782767   35.45%
   3877  2451    52866.3484  1091    61109.3800    39446.8275   799431   35.45%
Elapsed time = 395.73 sec. (117862.14 ticks, tree = 114.91 MB, solutions = 3)
   3946  2506    53525.4082  1222    61109.3800    39446.8275   809073   35.45%
   3998  2595    53996.8694  1200    61109.3800    39446.8275   823909   35.45%
   4046  2670    52613.2530  1167    61109.3800    39446.8275   841546   35.45%
   4103  2700    45950.7159  1345    61109.3800    39446.8275   848843   35.45%
   4151  2777    56843.9109  1285    61109.3800    39446.8275   862308   35.45%
   4198  2789    47049.9346  1344    61109.3800    39446.8275   865557   35.45%
   4260  2805    46908.4591  1395    61109.3800    39446.8275   872796   35.45%
   4327  2824    44709.8477  1556    61109.3800    39446.8275   881209   35.45%
   4359  2923    46814.2840  1526    61109.3800    39474.6024   896587   35.40%
   4390  2998    49250.1419  1319    61109.3800    39474.6024   913506   35.40%
Elapsed time = 429.28 sec. (127714.05 ticks, tree = 141.23 MB, solutions = 3)
   4427  3032    45049.0157  1506    61109.3800    39474.6024   930679   35.40%
   4482  3085    48079.1178  1299    61109.3800    39474.6024   939017   35.40%
   4519  3105    46495.1063  1484    61109.3800    39474.6024   955457   35.40%
   4571  3120    47118.8189  1302    61109.3800    39474.6024   958622   35.40%
   4654  3178    48701.2976  1447    61109.3800    39474.6024   967990   35.40%
   4693  3282    48787.7756  1365    61109.3800    39484.1143   990027   35.39%
   4725  3341    47992.8156  1168    61109.3800    39484.1143  1002955   35.39%
   4755  3359    48553.7414  1266    61109.3800    39484.1143  1006720   35.39%
   4803  3367    55290.5651  1392    61109.3800    39484.1143  1009118   35.39%
   4841  3376    47394.6737  1488    61109.3800    39484.1143  1016439   35.39%
Elapsed time = 461.67 sec. (137371.12 ticks, tree = 157.37 MB, solutions = 3)
   4878  3452    53020.6677  1428    61109.3800    39484.1143  1028890   35.39%
   4920  3471    54418.7276  1390    61109.3800    39484.1143  1032368   35.39%
   4984  3542    51430.8650  1258    61109.3800    39484.1143  1042460   35.39%
   5057  3578    56192.2013  1349    61109.3800    39484.1143  1055553   35.39%
   5148  3652    55815.8650  1078    61109.3800    39484.1143  1060208   35.39%
   5256  3797    60203.5835  1050    61109.3800    39484.1143  1079330   35.39%
   5341  3906    58299.1516  1134    61109.3800    39484.1143  1099801   35.39%
   5411  3937    58239.5255  1239    61109.3800    39484.1143  1103254   35.39%
   5503  3912    44957.9529  1771    61109.3800    39484.1143  1108138   35.39%
   5644  4214    47010.0090  1732    61109.3800    39508.6137  1159391   35.35%
Elapsed time = 505.58 sec. (149908.26 ticks, tree = 197.22 MB, solutions = 3)
   5754  4254    41104.7350  1918    61109.3800    39508.6137  1184773   35.35%
   5911  4464    47775.3331  1590    61109.3800    39508.6137  1251638   35.35%
   6097  4561    48016.8073  1618    61109.3800    39580.1136  1279935   35.23%
   6211  4705    42979.7763  1754    61109.3800    39834.5947  1324962   34.81%
   6377  4875    40658.0881  1745    61109.3800    40007.4311  1376831   34.53%
   6652  5053    52715.0020  1472    61109.3800    40068.2087  1426643   34.43%
   6830  5312    46655.5552  1807    61109.3800    40068.2087  1476418   34.43%
   6967  5416    51845.6000  1688    61109.3800    40068.2087  1506303   34.43%
   7222  5778    59585.4042  1644    61109.3800    40068.2087  1585377   34.43%
   7467  5874    43869.4568  1758    61109.3800    40068.2087  1602565   34.43%
Elapsed time = 645.28 sec. (188257.86 ticks, tree = 263.45 MB, solutions = 3)
   7628  6063    51526.1753  1681    61109.3800    40187.4380  1636574   34.24%
   7807  6254    58809.6713  1623    61109.3800    40187.4380  1675339   34.24%
   7979  6406    41620.5575  1822    61109.3800    40228.2502  1724076   34.17%
   8076  6592    56109.6348  1552    61109.3800    40254.0525  1776195   34.13%
   8239  6773    47829.4738  1514    61109.3800    40254.0525  1836396   34.13%
   8368  6859    51112.0770  1345    61109.3800    40283.8261  1870810   34.08%
   8533  6947    50314.2140  1322    61109.3800    40283.8261  1891567   34.08%
   8807  7230    54693.0427  1172    61109.3800    40283.8261  1956986   34.08%
   9076  7448    43746.6478  1813    61109.3800    40283.8261  2002309   34.08%
   9186  7654    44850.6570  1633    61109.3800    40323.2929  2038866   34.01%
Elapsed time = 787.84 sec. (226752.11 ticks, tree = 335.21 MB, solutions = 3)
   9368  7768    48023.0257  1593    61109.3800    40323.2929  2075660   34.01%
   9609  8046    54569.8904  1579    61109.3800    40323.2929  2141467   34.01%
   9804  8266    41179.7583  1932    61109.3800    40336.3122  2187258   33.99%
   9928  8419    45589.6404  1755    61109.3800    40344.5237  2225405   33.98%
  10144  8606    53879.2586  1479    61109.3800    40344.5237  2275548   33.98%
  10433  8742    53471.1179  1529    61109.3800    40351.9464  2296821   33.97%
  10612  8828    47203.0091  1830    61109.3800    40359.2363  2323835   33.96%
  10736  9091    50718.3160  1724    61109.3800    40360.2789  2376168   33.95%
  10841  9310    43973.5648  1749    61109.3800    40360.2789  2447893   33.95%
  10987  9455    46215.6552  1752    61109.3800    40360.2789  2498276   33.95%
Elapsed time = 931.64 sec. (265169.68 ticks, tree = 429.06 MB, solutions = 3)
  11219  9552    48633.3040  1542    61109.3800    40367.4019  2508986   33.94%
  11451  9819    55937.3422  1739    61109.3800    40368.2272  2576787   33.94%
  11639 10070    43292.0404  1816    61109.3800    40368.2272  2618907   33.94%
  11791 10172    59809.4844  1644    61109.3800    40368.9959  2648253   33.94%
  11942 10291    46758.5382  1372    61109.3800    40370.5836  2690358   33.94%
  12037 10474    50142.6475  1435    61109.3800    40374.2059  2745497   33.93%
  12192 10539    45729.7008  1592    61109.3800    40374.2059  2780866   33.93%
  12458 10685    56376.5066  1065    61109.3800    40374.2059  2814143   33.93%
  12651 10841    53652.6649  1443    61109.3800    40374.2059  2865388   33.93%
  12798 11134    53683.5918  1442    61109.3800    40374.2059  2926180   33.93%
Elapsed time = 1075.83 sec. (303533.22 ticks, tree = 505.08 MB, solutions = 3)
  12954 11334    50523.9452  1630    61109.3800    40387.9908  2987588   33.91%
  13081 11421    53190.4726  1609    61109.3800    40387.9908  3019993   33.91%
  13274 11562    58358.3151  1669    61109.3800    40392.5432  3057006   33.90%
  13422 11773    42350.7703  1853    61109.3800    40392.5432  3117619   33.90%
  13593 11933    56627.8487  1646    61109.3800    40392.5432  3165001   33.90%
  13728 11910    43161.5050  1832    61109.3800    40394.4753  3162352   33.90%
  13866 12079    51517.8330  1754    61109.3800    40396.3768  3224392   33.89%
  14030 12325    55186.4959  1672    61109.3800    40397.7099  3298788   33.89%
  14356 12512    56685.6800   581    61109.3800    40397.8160  3327830   33.89%
  14592 12923    42728.5498  1696    61109.3800    40410.5007  3391094   33.87%
Elapsed time = 1219.75 sec. (341942.47 ticks, tree = 604.62 MB, solutions = 3)
  14766 12986    57659.9712  1559    61109.3800    40410.5007  3412403   33.87%
  14970 13165    51371.6102  1637    61109.3800    40410.5007  3467382   33.87%
  15116 13327    50256.5296   998    61109.3800    40461.2241  3504116   33.79%
  15338 13427    58789.1519  1509    61109.3800    40462.5719  3529700   33.79%
  15533 13755    41286.4050  1891    61109.3800    40462.5719  3602125   33.79%
  15638 13771    44909.4138  1658    61109.3800    40462.5719  3612940   33.79%
  15825 13952    59488.0724  1604    61109.3800    40463.8124  3667502   33.78%
  15944 14201    46739.5173  1450    61109.3800    40463.8124  3739096   33.78%
  16103 14259    49824.5568  1683    61109.3800    40468.9287  3764062   33.78%
  16397 14322    54338.7840  1573    61109.3800    40487.3025  3775530   33.75%
Elapsed time = 1365.95 sec. (380258.03 ticks, tree = 657.16 MB, solutions = 3)
  16597 14681    60540.5207  1414    61109.3800    40488.4771  3851596   33.74%
  16726 14858    48843.8531  1692    61109.3800    40493.9986  3912117   33.74%
  16855 14982    50070.1790  1737    61109.3800    40493.9986  3937514   33.74%
  17051 15214    58796.9092  1636    61109.3800    40533.5157  4008121   33.67%
  17172 15279    48710.8266  1799    61109.3800    40535.2990  4036771   33.67%
  17257 15453    43984.2767  1828    61109.3800    40542.4472  4092009   33.66%
  17346 15473    49507.3593  1705    61109.3800    40553.1018  4103752   33.64%
  17498 15624    60126.6085  1614    61109.3800    40553.1018  4164269   33.64%
  17627 15695    52557.3293  1767    61109.3800    40555.9127  4209833   33.63%
  17846 16003    55143.6040  1694    61109.3800    40555.9127  4281776   33.63%
Elapsed time = 1514.88 sec. (418942.28 ticks, tree = 699.03 MB, solutions = 3)
  18028 16074    60676.0168  1614    61109.3800    40580.3514  4291915   33.59%
  18155 16178    57192.7002  1502    61109.3800    40580.3514  4336290   33.59%
  18286 16230    58020.2527  1707    61109.3800    40592.4758  4361913   33.57%
  18381 16561    60684.2772  1569    61109.3800    40600.9759  4442681   33.56%
  18516 16547    57498.4464  1567    61109.3800    40602.7138  4437521   33.56%
  18639 16765    58794.7530  1373    61109.3800    40602.7138  4540781   33.56%
  18760 16844    53377.2647  1410    61109.3800    40602.7138  4572403   33.56%
  18892 16883    59535.5891  1698    61109.3800    40602.7138  4599245   33.56%
  19032 16996    52790.8423  1608    61109.3800    40615.4993  4647262   33.54%
  19143 17032    56316.9971  1662    61109.3800    40615.4993  4658481   33.54%
Elapsed time = 1662.70 sec. (457446.05 ticks, tree = 728.84 MB, solutions = 3)
  19309 17315    60691.8006  1588    61109.3800    40615.5420  4745459   33.54%
  19457 17333    47663.9697  1726    61109.3800    40615.5420  4756424   33.54%
  19555 17615    52328.0653  1754    61109.3800    40628.1624  4857114   33.52%
  19675 17599    60006.0183  1594    61109.3800    40628.1624  4846702   33.52%
  19811 17795    43433.1588  1835    61109.3800    40639.6744  4930177   33.50%
  19981 17820    56248.5395  1859    61109.3800    40641.3283  4941412   33.49%
  20095 18103    42771.5932  1798    61109.3800    40656.2692  5007785   33.47%
  20225 17978    58037.7065  1719    61109.3800    40656.2692  4998668   33.47%
  20359 18337    60508.0873  1579    61109.3800    40658.1877  5108629   33.47%
  20439 18421    42569.2211  1713    61109.3800    40668.7805  5139098   33.45%
Elapsed time = 1812.50 sec. (495827.39 ticks, tree = 807.83 MB, solutions = 3)
  20511 18521    54511.3357  1406    61109.3800    40668.7805  5194849   33.45%
  20608 18554    56858.2366  1265    61109.3800    40668.7805  5206749   33.45%
  20741 18686        cutoff          61109.3800    40678.8321  5281281   33.43%
  20903 18751    51091.6457  1622    61109.3800    40688.8253  5311901   33.42%
  21076 18929    60230.1881  1057    61109.3800    40688.8253  5368161   33.42%
  21240 19011    54560.1853  1733    61109.3800    40691.2432  5402329   33.41%
  21418 19095    58049.3037  1557    61109.3800    40700.3080  5411770   33.40%
  21654 19142    52335.1101  1607    61109.3800    40700.3080  5437880   33.40%
  21821 19614    50568.4409  1651    61109.3800    40704.3394  5553185   33.39%
  21966 19629    60806.0893  1451    61109.3800    40704.3394  5540280   33.39%
Elapsed time = 1961.50 sec. (534341.75 ticks, tree = 877.27 MB, solutions = 3)
  22102 19862    57882.7055  1726    61109.3800    40717.0524  5617045   33.37%
  22231 19793    42315.9128  1835    61109.3800    40717.7732  5604627   33.37%
  22320 19998    60919.1800  1798    61109.3800    40721.8140  5656784   33.36%
  22424 20253    60030.4813  1607    61109.3800    40722.2168  5739736   33.36%
  22611 20303    50101.0570  1859    61109.3800    40722.2168  5767321   33.36%
  22759 20344    52779.8965  1793    61109.3800    40724.5540  5778125   33.36%
  22952 20603    57624.9872  1652    61109.3800    40724.5540  5871845   33.36%
  23068 20696    58942.9409  1590    61109.3800    40737.1683  5905118   33.34%
  23172 20911    54864.2313  1302    61109.3800    40742.3198  5959596   33.33%
  23283 21026    49692.8443  1418    61109.3800    40746.2571  5992553   33.32%
Elapsed time = 2112.51 sec. (572816.46 ticks, tree = 921.29 MB, solutions = 3)
  23370 21048    56654.1158  1439    61109.3800    40747.1166  6004113   33.32%
  23480 21180    52109.7392  1599    61109.3800    40747.4910  6060450   33.32%
  23596 21419    58003.7344  1436    61109.3800    40748.1126  6161340   33.32%
  23726 21481    50301.7672  1491    61109.3800    40749.4120  6192996   33.32%
  23996 21481    45977.4487  1854    61109.3800    40749.4120  6183704   33.32%
  24076 21611    45324.3379  1765    61109.3800    40751.2543  6215634   33.31%
  24165 21882    51270.6445  1494    61109.3800    40751.2543  6315952   33.31%
  24415 21943    59644.0414  1443    61109.3800    40760.2401  6327111   33.30%
  24541 22033    57643.7425  1760    61109.3800    40766.6548  6354343   33.29%
  24649 22325    49316.3971  1762    61109.3800    40767.3607  6435152   33.29%
Elapsed time = 2270.44 sec. (611286.09 ticks, tree = 994.05 MB, solutions = 3)
  24784 22498    60414.1617  1794    61109.3800    40767.5386  6495638   33.29%
  24875 22561    49207.2122  1761    61109.3800    40769.7379  6528838   33.28%
  24970 22594    60077.3267  1606    61109.3800    40771.6964  6540844   33.28%
  25091 22836    59630.8101   961    61109.3800    40771.6964  6622810   33.28%
  25210 22846    52745.6088  1537    61109.3800    40771.6964  6652579   33.28%
  25253 23064    50442.3712  1625    61109.3800    40777.4790  6739767   33.27%
  25320 22937    53448.1138  1286    61109.3800    40777.4790  6704221   33.27%
  25367 23098    45332.1676  1799    61109.3800    40778.9366  6762107   33.27%
  25503 23154    53744.3695  1567    61109.3800    40778.9366  6787210   33.27%
  25674 23206    49237.2519  1502    61109.3800    40785.3630  6817567   33.26%
Elapsed time = 2439.03 sec. (649845.40 ticks, tree = 1020.38 MB, solutions = 3)
  25833 23393    59951.0000  1527    61109.3800    40786.8378  6870899   33.26%
  25945 23299    48822.7569  1771    61109.3800    40787.8041  6857236   33.25%
* 25993+23529                        60860.2200    40788.4709            32.98%
  26063 23454    52070.8490  1827    60860.2200    40789.4768  6999720   32.98%
  26160 23491    55137.2026  1729    60860.2200    40791.5583  7010671   32.98%
  26327 23557    59277.0461  1583    60860.2200    40791.5583  7021563   32.98%
  26489 23718    44821.1899  1820    60860.2200    40795.8663  7094203   32.97%
  26626 23622    52159.8544  1644    60860.2200    40795.8663  7079393   32.97%
  26750 24017    58718.5180  1567    60860.2200    40795.8663  7179388   32.97%
  26886 24128    49458.8878  1870    60860.2200    40826.9982  7245571   32.92%
  27020 24079    55074.9104  1363    60860.2200    40826.9982  7202192   32.92%
Elapsed time = 2594.06 sec. (688387.21 ticks, tree = 1071.67 MB, solutions = 4)
  27136 24409    59032.5854  1796    60860.2200    40845.6271  7330181   32.89%
  27248 24482    54078.3459  1320    60860.2200    40847.4481  7372188   32.88%
  27381 24525    60789.4694  1246    60860.2200    40847.4481  7384528   32.88%
  27457 24631    44158.5695  1745    60860.2200    40853.1831  7417145   32.87%
  27542 24708    47000.0181  1586    60860.2200    40853.9730  7470243   32.87%
  27656 24729    51806.9086  1215    60860.2200    40853.9730  7481614   32.87%
  27796 24929    60597.0985  1550    60860.2200    40866.9333  7546674   32.85%
  27948 25033    60311.5881  1095    60860.2200    40869.1640  7601228   32.85%
  28045 25178    45700.0427  1846    60860.2200    40870.4273  7674223   32.85%
  28159 25316    46840.5828  1670    60860.2200    40871.5294  7713717   32.84%
Elapsed time = 2751.09 sec. (726791.79 ticks, tree = 1146.36 MB, solutions = 4)
  28285 25233    60783.9118  1687    60860.2200    40872.3050  7695820   32.84%
  28393 25426    46832.8672  1932    60860.2200    40872.3050  7762180   32.84%
  28488 25507    50828.0583  1510    60860.2200    40872.3050  7808670   32.84%
  28623 25527    53286.9733  1297    60860.2200    40872.3324  7820033   32.84%
  28720 25832    59555.9077  1109    60860.2200    40872.3324  7923736   32.84%
  28830 25848    54020.0343  1479    60860.2200    40875.3217  7919883   32.84%
  28951 26021    59833.1119  1142    60860.2200    40875.3217  8004113   32.84%
  29060 26050    44942.4700  1767    60860.2200    40881.2752  8014705   32.83%
  29179 26287    49834.5220  1994    60860.2200    40887.4185  8104433   32.82%
  29312 26320    52288.3969  1866    60860.2200    40887.7402  8114546   32.82%
Elapsed time = 2904.36 sec. (765085.20 ticks, tree = 1186.55 MB, solutions = 4)
  29436 26499    46869.4784  1640    60860.2200    40887.7402  8189428   32.82%
  29525 26447    52886.4431  1798    60860.2200    40887.7402  8173159   32.82%
  29617 26701    49256.6481  1638    60860.2200    40888.3553  8261514   32.82%
  29726 26734    60818.0997  1436    60860.2200    40888.3553  8272934   32.82%
  29816 26941    44957.9650  1868    60860.2200    40891.2391  8379239   32.81%
* 29844+26864                        60755.9900    40891.2391            32.70%
  29921 26813    43668.1864  1739    60755.9900    40891.2391  8309308   32.70%
  30010 26986    43024.2150  1686    60755.9900    40898.3533  8401160   32.68%
  30134 26878    56011.8629  1553    60755.9900    40898.3533  8424176   32.68%
  30243 26995    44751.7679  1840    60755.9900    40912.9912  8454026   32.66%
  30321 27202    51164.7828  1374    60755.9900    40918.7804  8562281   32.65%
Elapsed time = 3063.88 sec. (803566.49 ticks, tree = 1243.42 MB, solutions = 5)
  30400 27130    49685.0360  1675    60755.9900    40918.7804  8555648   32.65%
  30499 27248    60533.8512  1411    60755.9900    40928.4522  8583562   32.63%
  30629 27416    59992.2490  1381    60755.9900    40930.2812  8670622   32.63%
  30749 27510    42235.5570  1866    60755.9900    40939.2787  8725098   32.62%
  30875 27533    52029.7717  1039    60755.9900    40939.2787  8736671   32.62%
  31104 27779    52803.3231  1589    60755.9900    40948.5763  8823009   32.60%
  31219 27826    58970.2392  1638    60755.9900    40948.5763  8834322   32.60%
  31313 28104    52290.0393  1690    60755.9900    40949.8183  8925498   32.60%
  31423 28261    45516.5714  1797    60755.9900    40960.9366  8984192   32.58%
  31529 28085    58770.6825  1269    60755.9900    40960.9366  8917971   32.58%
Elapsed time = 3225.08 sec. (841931.39 ticks, tree = 1295.38 MB, solutions = 5)
  31700 28373    60121.9265  1461    60755.9900    40960.9572  9005222   32.58%
  31798 28408    51346.7969  1078    60755.9900    40960.9572  9038412   32.58%
  32030 28549    59490.8792  1446    60755.9900    40960.9572  9079487   32.58%
  32160 28925    46403.3092  1849    60755.9900    40980.9741  9186667   32.55%
  32251 28956    48026.9412  1937    60755.9900    40994.5984  9196855   32.53%
  32355 28820    57131.4038  1731    60755.9900    40994.5984  9174004   32.53%
  32467 29156    44691.9432  1852    60755.9900    41001.2220  9271982   32.51%
  32589 29191    50731.4363  1653    60755.9900    41001.2220  9283407   32.51%
  32718 29364    51435.9617  1350    60755.9900    41001.2220  9377252   32.51%
  32857 29589    52564.3055  1430    60755.9900    41008.8202  9440428   32.50%
Elapsed time = 3400.22 sec. (880273.26 ticks, tree = 1338.38 MB, solutions = 5)
  32959 29423        cutoff          60755.9900    41009.7475  9401576   32.50%
  33087 29714    54424.0419  1787    60755.9900    41012.3859  9482043   32.50%
  33212 29782    59912.7529  1754    60755.9900    41014.6294  9526181   32.49%
  33307 29805    44971.5904  1889    60755.9900    41014.6294  9535975   32.49%
  33432 29879    47372.2651  1559    60755.9900    41026.2992  9562913   32.47%
  33576 30241    47431.1861  1898    60755.9900    41028.2936  9701527   32.47%
  33638 30163    47037.4382  1832    60755.9900    41028.2936  9664357   32.47%
  33728 30187    55687.4140  1398    60755.9900    41031.2097  9692753   32.47%
* 33740+30187                        59825.9100    41031.2097            31.42%
  33831 30283    50378.3054  1840    59825.9100    41031.2097  9732017   31.42%
  33929 30443    46955.9717  1869    59825.9100    41031.5454  9786936   31.42%
Elapsed time = 3561.19 sec. (918618.08 ticks, tree = 1390.94 MB, solutions = 6)
  34030 28675    58671.8734  1429    59825.9100    41031.5454  9885506   31.42%
  34162 28786    59209.9079  1819    59825.9100    41034.5966  9921887   31.41%
  34223 28699    47849.7114  1697    59825.9100    41038.6688  9906025   31.40%
  34308 28947    48414.5244  1544    59825.9100    41042.8815  9987552   31.40%
  34441 28916    59414.8481  1007    59825.9100    41043.6122  9979373   31.39%
  34614 29045    57477.7920  1046    59825.9100    41046.1596 10012007   31.39%
  34743 29175    50010.9596  2000    59825.9100    41053.8435 10094527   31.38%
  34854 29198    52822.6652  1575    59825.9100    41060.2519 10104627   31.37%
  34982 29373    58406.3621  1526    59825.9100    41060.2519 10144721   31.37%
  35121 29634    45214.8504  1820    59825.9100    41061.5197 10253501   31.36%
Elapsed time = 3717.51 sec. (957167.56 ticks, tree = 1371.86 MB, solutions = 6)
  35219 29850    44842.4869  1891    59825.9100    41061.5197 10322583   31.36%
  35306 29737    50911.8807  1823    59825.9100    41061.5197 10306943   31.36%
  35385 29888    48030.0836  1638    59825.9100    41075.1673 10343936   31.34%
  35465 29908    51178.1456  1414    59825.9100    41078.3344 10355766   31.34%
  35560 29967    45016.0695  1926    59825.9100    41080.3422 10379756   31.33%
  35694 30180    46640.0189  1915    59825.9100    41083.9276 10492854   31.33%
  35767 30270    48970.5931  1984    59825.9100    41086.5375 10523654   31.32%
  35873 30294    57903.3211  1909    59825.9100    41099.3592 10533930   31.30%
  35989 30441    50742.3568  1742    59825.9100    41099.3592 10601685   31.30%
* 36002+30309                        59791.6400    41099.3592            31.26%
  36079 30486    54188.6292  1655    59791.6400    41100.1114 10612054   31.26%
Elapsed time = 3873.19 sec. (995643.27 ticks, tree = 1425.28 MB, solutions = 7)
  36189 30547    53286.3076  1354    59791.6400    41100.1114 10644812   31.26%
  36293 30571    46112.9338  1840    59791.6400    41106.2370 10701400   31.25%
  36421 30811    54863.8609  1583    59791.6400    41106.2370 10788721   31.25%
  36563 30988    55972.1184  1591    59791.6400    41107.3748 10852056   31.25%
  36732 30859    45487.0749  2006    59791.6400    41107.3748 10810836   31.25%
  36832 31154    50618.2457  1852    59791.6400    41113.6361 10923823   31.24%
  36945 31188    58040.6468  1665    59791.6400    41126.1689 10933298   31.22%
  37057 31447    53580.7187  1966    59791.6400    41128.6359 11025638   31.21%
  37148 31401    52070.0124  1964    59791.6400    41128.6359 11013049   31.21%
  37285 31549    41920.6199  2049    59791.6400    41131.4430 11069850   31.21%
Elapsed time = 4030.94 sec. (1034080.54 ticks, tree = 1492.65 MB, solutions = 7)
  37356 31713    46749.8989  1704    59791.6400    41131.8721 11136477   31.21%
  37435 31736    51997.6113  1400    59791.6400    41133.8086 11147339   31.20%
  37550 31869    58192.9904  1825    59791.6400    41135.4893 11179993   31.20%
  37647 31886    44809.2690  2011    59791.6400    41136.7112 11190170   31.20%
  37719 32034    49468.1529  1762    59791.6400    41139.3015 11280743   31.20%
  37820 32192    55034.6888  1499    59791.6400    41139.9766 11338007   31.19%
  37946 32286    45320.6637  1828    59791.6400    41140.7028 11403430   31.19%
  37999 32304    50194.8403  1799    59791.6400    41140.7028 11414003   31.19%
  38085 32320    43759.7636  1959    59791.6400    41143.4049 11424643   31.19%
  38205 32583    56574.0134  1468    59791.6400    41143.4049 11506833   31.19%
Elapsed time = 4189.44 sec. (1072764.65 ticks, tree = 1541.12 MB, solutions = 7)
  38364 32415    57692.4934  1191    59791.6400    41143.7021 11474376   31.19%
  38447 32631    46099.8344  1942    59791.6400    41143.7021 11553774   31.19%
* 38449+32646                        59655.5500    41143.7021            31.03%
  38537 32495    50569.2228  1928    59655.5500    41144.6649 11612934   31.03%
  38644 32614    58845.6524  1698    59655.5500    41144.6649 11678358   31.03%
  38772 32585    58769.7635  1589    59655.5500    41153.4343 11634262   31.01%
  38870 32699    55667.8040  1526    59655.5500    41153.5516 11724881   31.01%
  39035 32907    59264.6096  1801    59655.5500    41153.5885 11793854   31.01%
  39125 32860    57920.9245  1507    59655.5500    41153.5885 11771204   31.01%
  39247 33243    50499.5645  1705    59655.5500    41159.2053 11917485   31.01%
  39370 33014    57121.2072  1143    59655.5500    41159.2053 11845634   31.01%
Elapsed time = 4349.36 sec. (1111347.79 ticks, tree = 1565.33 MB, solutions = 8)
  39520 33182    58686.1629  1234    59655.5500    41159.4764 11904788   31.00%
  39603 33371    52912.7763  1788    59655.5500    41159.4764 11947511   31.00%
  39674 33397    48201.4711  1807    59655.5500    41159.4764 11972781   31.00%
  39742 33691    57043.0531  1620    59655.5500    41163.4400 12085986   31.00%
  39846 33726    43738.3062  2062    59655.5500    41165.5089 12096487   30.99%
  39944 33743    49545.4934  2068    59655.5500    41176.1661 12106799   30.98%
  40065 33767    55103.3599  1893    59655.5500    41176.1661 12117321   30.98%
  40136 33957    46791.0872  1890    59655.5500    41176.3277 12237243   30.98%
  40281 34081    57704.2258  1653    59655.5500    41180.1209 12276339   30.97%
  40419 34137    43137.9059  1965    59655.5500    41180.1209 12287250   30.97%
Elapsed time = 4508.78 sec. (1149897.41 ticks, tree = 1628.44 MB, solutions = 8)
  40500 34157    49787.5410  2003    59655.5500    41181.0636 12297400   30.97%
  40584 34300    50746.4874  1965    59655.5500    41181.6164 12389061   30.97%
  40684 34337    58362.8217  1666    59655.5500    41185.5600 12399546   30.96%
  40779 34571    49765.7965  1952    59655.5500    41185.5600 12497725   30.96%
  40864 34599    53066.0861  1830    59655.5500    41192.2306 12507656   30.95%
  40955 34761    51965.3049  1792    59655.5500    41201.0875 12563742   30.94%
  41130 34898    59071.8164  1651    59655.5500    41201.0875 12634382   30.94%
  41195 34917    46645.6074  1885    59655.5500    41202.5359 12644904   30.93%
  41286 35059    51213.6863  1778    59655.5500    41204.2659 12699005   30.93%
  41388 34973    59543.2827  1738    59655.5500    41213.2015 12684225   30.91%
Elapsed time = 4669.31 sec. (1188419.50 ticks, tree = 1651.53 MB, solutions = 8)
  41457 35251    47663.2747  1992    59655.5500    41215.3055 12801739   30.91%
  41541 35287    49267.7947  1904    59655.5500    41216.2981 12811410   30.91%
  41630 35379    55516.6541  1797    59655.5500    41217.1135 12873540   30.91%
  41783 35392    58357.4682  1486    59655.5500    41217.4772 12832828   30.91%
  41914 35421    50879.2531  1909    59655.5500    41219.2091 12893883   30.90%
  42009 35441    41891.6514  1991    59655.5500    41219.2091 12903578   30.90%
  42105 35854    47962.5392  1970    59655.5500    41219.2091 13056469   30.90%
  42193 35748    45047.0718  1866    59655.5500    41229.7363 13009112   30.89%
  42317 35915    58053.0074  1716    59655.5500    41235.5630 13077751   30.88%
  42440 35973    53263.6935  1713    59655.5500    41237.3281 13107124   30.87%
Elapsed time = 4827.70 sec. (1227071.92 ticks, tree = 1714.72 MB, solutions = 8)
  42650 36115    52717.5185  1336    59655.5500    41237.3281 13170922   30.87%
  42792 36155    57875.6706  1384    59655.5500    41251.2312 13182764   30.85%
  42925 36209    57469.0555  1143    59655.5500    41251.2312 13194881   30.85%
  43068 36391    56555.9029  1217    59655.5500    41251.2312 13257154   30.85%
  43159 36732    51541.6764  1959    59655.5500    41253.9035 13361039   30.85%
  43248 36837    45993.0897  1915    59655.5500    41253.9035 13396548   30.85%
  43340 36957    57128.4404  1734    59655.5500    41262.5984 13435055   30.83%
  43426 36887    59136.6911  1650    59655.5500    41262.5984 13416814   30.83%
  43484 37057    49198.4830  1846    59655.5500    41264.7906 13511635   30.83%
  43555 37083    52588.6637  1349    59655.5500    41265.4962 13522759   30.83%
Elapsed time = 4986.39 sec. (1265560.96 ticks, tree = 1781.97 MB, solutions = 8)
  43658 37267    47111.3218  2019    59655.5500    41270.8630 13605899   30.82%
  43790 37376        cutoff          59655.5500    41270.8630 13650787   30.82%
  43912 37322    52837.0094  1676    59655.5500    41271.8938 13626124   30.82%
  44044 37584    56935.5317  1647    59655.5500    41281.5466 13745267   30.80%
  44210 37497    53424.7896  1762    59655.5500    41281.5466 13696008   30.80%
  44344 37838    42477.4718  2206    59655.5500    41281.5466 13819633   30.80%
  44544 37805    42928.2833  2027    59655.5500    41281.5466 13778316   30.80%
  44632 37943    49704.0182  1821    59655.5500    41282.1482 13871154   30.80%
  44755 37987    58843.8805  1507    59655.5500    41282.1482 13882052   30.80%
  44922 38200    55948.3045  1408    59655.5500    41283.7046 13921278   30.80%
Elapsed time = 5147.56 sec. (1303899.45 ticks, tree = 1836.43 MB, solutions = 8)
  45083 38499    57541.6011  1048    59655.5500    41288.4562 14016544   30.79%
  45232 38551    43794.5896  2001    59655.5500    41288.9719 14053963   30.79%
  45306 38724    55840.7777   930    59655.5500    41288.9719 14101456   30.79%
  45404 38867    57351.9276  1569    59655.5500    41288.9719 14161125   30.79%
  45496 38800    46634.0633  2017    59655.5500    41295.4047 14143383   30.78%
  45594 38967    49127.7769  2064    59655.5500    41295.4047 14210413   30.78%
  45695 38921    50938.0691  1661    59655.5500    41296.3184 14192489   30.78%
  45866 39141    59133.8948  1435    59655.5500    41296.8143 14270307   30.77%
  46004 39384    44958.3418  1862    59655.5500    41299.1618 14393965   30.77%
  46116 39335    50021.0769  1696    59655.5500    41299.1618 14338316   30.77%
Elapsed time = 5309.12 sec. (1342419.70 ticks, tree = 1908.34 MB, solutions = 8)
  46253 39380    57774.6639  1524    59655.5500    41299.1618 14377426   30.77%
  46386 39711    56565.4978  1611    59655.5500    41299.1618 14470444   30.77%
  46524 39773    41363.3812  2070    59655.5500    41303.9972 14479912   30.76%
  46652 39930    57903.9474  1532    59655.5500    41305.4493 14559600   30.76%
  46781 39882    56157.5839  1558    59655.5500    41305.6019 14532261   30.76%
  46894 40118    47583.0214  2058    59655.5500    41309.2962 14624954   30.75%
  46996 40369    42290.1875  1983    59655.5500    41309.2962 14700468   30.75%
  47098 40272    54927.8284  1385    59655.5500    41314.2786 14675177   30.75%
  47220 40424    51433.2124  1740    59655.5500    41314.7012 14722075   30.74%
  47296 40723    54011.2176  1665    59655.5500    41317.3912 14845692   30.74%
Elapsed time = 5478.20 sec. (1380996.33 ticks, tree = 1997.57 MB, solutions = 8)
  47395 40765    57598.5051  1584    59655.5500    41318.6855 14856714   30.74%
  47503 40820    54838.3885  1526    59655.5500    41318.9642 14885011   30.74%
  47620 40903    56673.7291  1072    59655.5500    41319.5876 14924483   30.74%
  47728 41061    56903.6291  1878    59655.5500    41319.5876 14998544   30.74%
  47883 41158    54090.1523  1456    59655.5500    41320.4504 15031456   30.73%
  47974 41194    57580.5474  1600    59655.5500    41323.3927 15042806   30.73%
  48095 41376    51578.8596  1718    59655.5500    41325.7156 15108765   30.73%
  48246 41461    55133.1415  1781    59655.5500    41325.7156 15153401   30.73%
  48351 41420    47115.6083  1923    59655.5500    41326.2630 15129029   30.73%
  48437 41439    55076.2771  1664    59655.5500    41326.6302 15139454   30.72%
Elapsed time = 5642.64 sec. (1419495.06 ticks, tree = 2043.57 MB, solutions = 8)
  48538 41569    53802.5966  1705    59655.5500    41330.6052 15204001   30.72%
  48638 41679    48734.8648  1933    59655.5500    41332.7981 15241691   30.71%
  48734 41914    46816.8052  1936    59655.5500    41332.9458 15317570   30.71%
  48904 42143    57720.4330  1379    59655.5500    41335.4942 15406035   30.71%
  48977 42066    46141.4546  1949    59655.5500    41335.4942 15387889   30.71%
  49077 42105    59597.5671  1561    59655.5500    41335.6294 15399348   30.71%
  49155 42205    50590.2782  1804    59655.5500    41336.6931 15437363   30.71%
  49230 42554    46989.1881  1936    59655.5500    41338.7524 15600560   30.70%
  49336 42435    57283.5711  1043    59655.5500    41338.7524 15544626   30.70%
  49458 42606    49704.5960  1764    59655.5500    41338.8805 15643063   30.70%
Elapsed time = 5806.01 sec. (1457867.74 ticks, tree = 2098.37 MB, solutions = 8)
Nodefile size = 43.37 MB (40.61 MB after compression)
  49535 42603    45525.2886  1941    59655.5500    41340.6617 15631879   30.70%
  49625 42760    52829.1638  1613    59655.5500    41342.5684 15692770   30.70%
  49756 42821    49332.9086  1818    59655.5500    41342.5684 15730603   30.70%
  49833 42821    50368.1576  2073    59655.5500    41342.9084 15712508   30.70%
  49959 43060    52540.0567  1899    59655.5500    41343.3676 15835722   30.70%
  50046 43004    54796.0754  1702    59655.5500    41343.5127 15818046   30.70%
  50148 43338    57487.6751  1665    59655.5500    41343.5127 15943188   30.70%
  50264 43151    44769.9948  1928    59655.5500    41343.5127 15899021   30.70%
  50354 43408    51630.3441  1782    59655.5500    41346.6740 15965534   30.69%
  50454 43452    45520.2577  1936    59655.5500    41346.6740 16002071   30.69%
Elapsed time = 5971.66 sec. (1496355.79 ticks, tree = 2152.47 MB, solutions = 8)
Nodefile size = 97.20 MB (91.04 MB after compression)
  50579 43653    57409.6055  1548    59655.5500    41348.1124 16079191   30.69%
  50783 43747    44575.3776  1938    59655.5500    41348.9915 16089762   30.69%
  50902 43737    56530.5850  1475    59655.5500    41354.0753 16148472   30.68%
  51060 43896    54693.6801  1755    59655.5500    41354.0753 16190155   30.68%
  51204 43939    57994.0148  1612    59655.5500    41355.9288 16195882   30.68%
  51311 44272    49313.9125  1791    59655.5500    41355.9288 16277765   30.68%
  51461 44374    58754.5455  1801    59655.5500    41355.9288 16319251   30.68%
  51556 44550    52348.5272  1725    59655.5500    41355.9288 16392819   30.68%
  51658 44476    58585.7603  1540    59655.5500    41358.3281 16366906   30.67%
  51767 44775    50348.5248  1771    59655.5500    41358.6835 16497035   30.67%
Elapsed time = 6142.80 sec. (1534806.96 ticks, tree = 2237.89 MB, solutions = 8)
Nodefile size = 183.83 MB (172.27 MB after compression)
  51872 44817    58258.7208  1675    59655.5500    41358.7464 16508657   30.67%
  51951 44926    56781.4059  1867    59655.5500    41358.7464 16552647   30.67%
  52110 45124    58189.5899   320    59655.5500    41361.6460 16615601   30.67%
  52259 45017    47448.5642  1709    59655.5500    41362.6703 16593939   30.66%
  52407 45191    49672.9627  1855    59655.5500    41363.1717 16636250   30.66%
  52507 45220    57674.6839  1629    59655.5500    41363.9142 16646996   30.66%
  52579 45524    45185.4886  1964    59655.5500    41366.5729 16771778   30.66%
  52657 45531    49124.7345  1554    59655.5500    41366.9253 16781651   30.66%
  52751 45434    54002.7953   984    59655.5500    41367.3316 16763353   30.66%
  52870 45874    56375.8795   668    59655.5500    41373.7670 16896437   30.65%
Elapsed time = 6311.25 sec. (1573271.42 ticks, tree = 2259.96 MB, solutions = 8)
Nodefile size = 204.00 MB (190.99 MB after compression)
  53060 45898    49744.9639  1887    59655.5500    41377.1340 16934765   30.64%
  53170 46003    51277.6048  1838    59655.5500    41377.6658 16920356   30.64%
  53336 46042    57994.6489  1545    59655.5500    41377.6658 16931423   30.64%
  53394 46004    52541.4590  1964    59655.5500    41379.9039 16966089   30.64%
  53468 46064    55386.8864  1669    59655.5500    41379.9039 17002569   30.64%
  53566 46552    57762.7172  1803    59655.5500    41389.6972 17167638   30.62%
  53642 46492    51283.2195  1711    59655.5500    41389.6972 17144600   30.62%
  53740 46435    52977.9872  1476    59655.5500    41391.2569 17123319   30.62%
  53871 46746    58688.5846  1398    59655.5500    41395.0851 17249640   30.61%
  53977 46886    56525.2410  1584    59655.5500    41401.0659 17325329   30.60%
Elapsed time = 6484.22 sec. (1611588.14 ticks, tree = 2318.49 MB, solutions = 8)
Nodefile size = 263.52 MB (246.74 MB after compression)
  54113 46829    59467.5618  1645    59655.5500    41401.0659 17302122   30.60%
  54177 46949    55199.1380  1826    59655.5500    41404.4749 17345620   30.59%
  54265 47079    53101.2786  1390    59655.5500    41406.4061 17407241   30.59%
  54349 46993    54567.1769  1498    59655.5500    41406.5943 17388020   30.59%
  54451 47325    58158.7656  1464    59655.5500    41406.5943 17519578   30.59%
  54561 47214    42689.4987  1990    59655.5500    41406.6844 17471386   30.59%
  54653 47326    52546.5162  1491    59655.5500    41406.6844 17514576   30.59%
  54760 47519    51850.5140  1534    59655.5500    41406.6844 17608925   30.59%
  54872 47543    58297.5227  1345    59655.5500    41416.4844 17619328   30.57%
  54991 47575    59231.9563  1410    59655.5500    41416.4844 17630121   30.57%
Elapsed time = 6655.11 sec. (1650281.42 ticks, tree = 2363.38 MB, solutions = 8)
Nodefile size = 304.09 MB (284.73 MB after compression)
  55075 47826    43065.3354  2087    59655.5500    41417.4331 17729244   30.57%
  55196 47902    49983.8690  1951    59655.5500    41418.6320 17769149   30.57%
  55280 47976    46851.3262  1876    59655.5500    41420.6549 17816688   30.57%
  55380 48011    55287.5148  1783    59655.5500    41420.9174 17828361   30.57%
  55463 48101    51383.0091  1858    59655.5500    41421.0105 17863876   30.57%
  55563 48135    56779.5045  1776    59655.5500    41422.2980 17874253   30.56%
  55670 48291    55957.6033  1750    59655.5500    41422.2980 17942209   30.56%
  55763 48335    58235.8399  1718    59655.5500    41426.1449 17952289   30.56%
  55836 48456    53494.1458  1568    59655.5500    41426.9228 18022468   30.56%
  55915 48706    54547.0538  1190    59655.5500    41427.4318 18131170   30.56%
Elapsed time = 6831.62 sec. (1688765.64 ticks, tree = 2436.54 MB, solutions = 8)
Nodefile size = 381.13 MB (356.93 MB after compression)
  56018 48689    55279.5579  1920    59655.5500    41427.4318 18105424   30.56%
  56098 48745    49359.9426  2133    59655.5500    41428.5697 18151129   30.55%
  56184 48920    49428.2076  1858    59655.5500    41428.5697 18244724   30.55%
  56268 48823    51083.1649  1775    59655.5500    41428.5697 18193783   30.55%
  56364 49084    56696.0337  1802    59655.5500    41429.9225 18321662   30.55%
  56453 49145    44010.1882  2079    59655.5500    41434.0243 18361797   30.54%
  56550 49216    53225.3823  1261    59655.5500    41435.9614 18404040   30.54%
  56673 49164    53960.7061  1839    59655.5500    41438.5688 18351833   30.54%
  56781 49367    55876.3583  1551    59655.5500    41439.8867 18456826   30.53%
  56871 49452    45659.5374  1927    59655.5500    41440.0388 18489840   30.53%
Elapsed time = 7009.80 sec. (1727358.71 ticks, tree = 2484.38 MB, solutions = 8)
Nodefile size = 429.60 MB (402.35 MB after compression)
  56963 49623    59035.2536  1777    59655.5500    41440.6293 18563730   30.53%
  57041 49721    56549.7110  1929    59655.5500    41442.6977 18607046   30.53%
  57161 49693    41699.4273  1957    59655.5500    41446.6150 18585966   30.52%
  57242 49794    54228.1353  1878    59655.5500    41448.2378 18651265   30.52%
  57343 49965    52386.5640  1884    59655.5500    41449.1590 18724783   30.52%
  57450 50004    56844.1743  1708    59655.5500    41449.1590 18734356   30.52%
  57531 49917    56739.3914  1342    59655.5500    41449.1918 18713066   30.52%
  57610 50139    56008.9525  1622    59655.5500    41452.6417 18813899   30.51%
  57726 50430    58902.4979  1527    59655.5500    41456.2272 18922705   30.51%
  57866 50258    57724.9761  1855    59655.5500    41456.2272 18864010   30.51%
Elapsed time = 7185.30 sec. (1766096.70 ticks, tree = 2528.79 MB, solutions = 8)
Nodefile size = 474.42 MB (444.34 MB after compression)
  57938 50488    53192.8959  1056    59655.5500    41457.1074 18943288   30.51%
  58089 50523    49279.6037  1912    59655.5500    41459.9147 18974110   30.50%
  58200 50582    43988.9290  1939    59655.5500    41462.0504 19012919   30.50%
  58332 50861    53836.3061  1782    59655.5500    41462.0504 19094815   30.50%
  58444 50734    48238.5881  1899    59655.5500    41463.7604 19070816   30.49%
  58574 51062    56743.9132   909    59655.5500    41464.1426 19172626   30.49%
  58799 51197    58603.2703  1581    59655.5500    41467.0987 19219146   30.49%
  58884 51042    58545.6782  1828    59655.5500    41467.0987 19158376   30.49%
  58976 51237    49212.9500  1879    59655.5500    41467.6646 19239100   30.49%
  59099 51566    54993.0552  1590    59655.5500    41469.1334 19338576   30.49%
Elapsed time = 7361.78 sec. (1804496.71 ticks, tree = 2600.85 MB, solutions = 8)
Nodefile size = 546.62 MB (511.93 MB after compression)
  59270 51641    58538.2318  1437    59655.5500    41471.2791 19348207   30.48%
  59344 51731    46494.8892  2147    59655.5500    41471.4751 19390832   30.48%
  59464 51811    42499.1883  2080    59655.5500    41473.0924 19438301   30.48%
  59571 51779    56863.6151  1701    59655.5500    41474.4480 19409922   30.48%
  59677 51899    52068.7984  1809    59655.5500    41478.5773 19484211   30.47%
  59742 52228    54484.0309  1736    59655.5500    41478.5773 19585359   30.47%
  59866 52076    53225.0797  1960    59655.5500    41480.4319 19531844   30.47%
  59967 52298    59035.8994  1536    59655.5500    41480.4319 19630968   30.47%
  60050 52597    48820.8674  1907    59655.5500    41490.4450 19742600   30.45%
  60171 52364    59051.6867  1500    59655.5500    41490.4450 19652284   30.45%
Elapsed time = 7533.23 sec. (1843065.57 ticks, tree = 2653.39 MB, solutions = 8)
Nodefile size = 594.42 MB (556.79 MB after compression)
  60275 52684    58132.1969  1557    59655.5500    41491.1475 19762987   30.45%
  60370 52770    56433.8197  1661    59655.5500    41491.1475 19818086   30.45%
  60509 52810    58655.5130  1716    59655.5500    41491.1475 19828662   30.45%
  60615 52788    47338.7118  1869    59655.5500    41493.6815 19817977   30.44%
  60741 53080    55150.6338  1948    59655.5500    41493.6815 19945322   30.44%
  60873 53017    57820.1612  1417    59655.5500    41493.6815 19893871   30.44%
  61030 53023    57663.7074  1032    59655.5500    41505.4604 19943409   30.42%
  61191 53250    56133.8458  1272    59655.5500    41506.4315 20009768   30.42%
  61340 53514    44576.4879  2069    59655.5500    41506.4315 20080275   30.42%
  61448 53495    55919.6976  1624    59655.5500    41507.0975 20060322   30.42%
Elapsed time = 7714.78 sec. (1881637.54 ticks, tree = 2694.51 MB, solutions = 8)
Nodefile size = 634.53 MB (594.16 MB after compression)
  61568 53948        cutoff          59655.5500    41508.0606 20201410   30.42%
  61668 53869    57080.6522  1710    59655.5500    41509.5154 20177517   30.42%
  61781 53893    44570.4408  2065    59655.5500    41509.5154 20187639   30.42%
  61886 53911    54100.4556  1842    59655.5500    41509.5154 20197528   30.42%
  61982 54101    48729.5644  1825    59655.5500    41510.3354 20268180   30.42%
  62089 54180    48676.9204  1854    59655.5500    41512.3612 20307456   30.41%
  62206 54417    53444.6064  1667    59655.5500    41512.3612 20415846   30.41%
  62322 54246    47316.2185  2147    59655.5500    41516.6209 20355888   30.41%
  62432 54594    51001.9115  1958    59655.5500    41521.3988 20489533   30.40%
  62531 54830    59237.9429  1560    59655.5500    41523.0884 20572134   30.40%
Elapsed time = 7885.59 sec. (1919999.78 ticks, tree = 2762.59 MB, solutions = 8)
Nodefile size = 706.77 MB (661.75 MB after compression)
  62622 54607    53818.6462  1924    59655.5500    41523.0884 20479889   30.40%
  62693 54932    43323.0977  2001    59655.5500    41523.9410 20614702   30.39%
  62769 54948    47873.2832  2010    59655.5500    41523.9516 20624706   30.39%
  62866 55165    58613.5940  1314    59655.5500    41526.8024 20741104   30.39%
  62968 55182    46069.1543  1949    59655.5500    41526.8024 20751455   30.39%
  63042 55204    54633.4709  1858    59655.5500    41528.9429 20761525   30.39%
  63136 55229        cutoff          59655.5500    41530.1513 20771529   30.38%
  63231 55516    44671.6572  2012    59655.5500    41531.1099 20910639   30.38%
  63359 55417    58928.9789  1707    59655.5500    41531.1099 20847714   30.38%
  63458 55474    48540.8104  1815    59655.5500    41533.4168 20893837   30.38%
Elapsed time = 8057.81 sec. (1958458.71 ticks, tree = 2804.67 MB, solutions = 8)
Nodefile size = 747.75 MB (700.12 MB after compression)
  63561 55589    44993.0367  1986    59655.5500    41534.8171 20940001   30.38%
  63677 55821    59060.5203  1665    59655.5500    41535.6483 21037851   30.37%
  63778 55949    54359.3603  1672    59655.5500    41535.6483 21083824   30.37%
  63884 55674    57394.3624  1842    59655.5500    41535.6483 20990951   30.37%
  63975 56017    49369.1645  1928    59655.5500    41538.4118 21103781   30.37%
  64071 56170    44350.5108  2032    59655.5500    41542.9583 21202797   30.36%
  64159 56054    57850.9750  1717    59655.5500    41542.9583 21143092   30.36%
  64327 56151    59423.1066  1397    59655.5500    41542.9583 21187400   30.36%
  64391 56291    47095.6359  2177    59655.5500    41543.5548 21235320   30.36%
  64448 56619    50414.9781  2010    59655.5500    41547.8637 21373180   30.35%
Elapsed time = 8231.62 sec. (1997204.53 ticks, tree = 2844.88 MB, solutions = 8)
Nodefile size = 790.88 MB (740.09 MB after compression)
  64540 56435    44562.3570  1787    59655.5500    41553.7391 21310389   30.34%
  64649 56537    59002.4137  1492    59655.5500    41553.7391 21358177   30.34%
  64770 56685    54733.2198  1903    59655.5500    41555.7075 21404115   30.34%
  64836 56795    55351.8096  1294    59655.5500    41557.8238 21458498   30.34%
  65000 56932    47816.9912  1974    59655.5500    41561.2788 21559501   30.33%
  65091 57092    48564.4872  1888    59655.5500    41561.2788 21610940   30.33%
  65199 56957    50299.2908  1855    59655.5500    41563.3784 21543070   30.33%
  65344 57132    51143.8292  1874    59655.5500    41564.5608 21632013   30.33%
  65512 57422    43822.6143  2065    59655.5500    41565.9578 21729536   30.32%
  65602 57236    47463.7989  2073    59655.5500    41565.9578 21672902   30.32%
Elapsed time = 8416.62 sec. (2035902.32 ticks, tree = 2878.28 MB, solutions = 8)
Nodefile size = 817.80 MB (765.21 MB after compression)
  65697 57637    52685.1213  1937    59655.5500    41565.9578 21809095   30.32%
  65795 57676    55039.0948  1634    59655.5500    41565.9578 21818844   30.32%
  65926 57730    59510.5559  1440    59655.5500    41569.6397 21829102   30.32%
  66032 57889    56278.7625  1733    59655.5500    41569.6397 21906178   30.32%
  66169 57984    50378.3807  1799    59655.5500    41570.8224 21952366   30.32%
  66252 58113    58439.7600  1672    59655.5500    41570.8224 21977875   30.32%
  66353 58132    47389.3929  1867    59655.5500    41577.8115 21987993   30.30%
  66440 58451    56234.7742  1181    59655.5500    41577.8115 22111042   30.30%
  66570 58392    52802.7907  1895    59655.5500    41577.8115 22080288   30.30%
  66665 58519    47175.6900  1832    59655.5500    41577.8545 22132877   30.30%
Elapsed time = 8600.06 sec. (2074422.72 ticks, tree = 2962.36 MB, solutions = 8)
Nodefile size = 901.25 MB (843.60 MB after compression)
  66771 58538    50553.2462  1658    59655.5500    41579.4590 22153865   30.30%
  66878 58860    43350.0406  2090    59655.5500    41580.2235 22280400   30.30%
  67011 58786    57629.0461  1679    59655.5500    41580.2235 22249207   30.30%
  67105 58896    53983.4038  1904    59655.5500    41580.6858 22299801   30.30%
  67197 59155    54492.2257  1595    59655.5500    41584.5200 22404290   30.29%
  67281 59172    49885.6490  1534    59655.5500    41585.4740 22415252   30.29%
  67365 59195    53453.2237  1448    59655.5500    41585.4740 22426081   30.29%
  67473 59237    56854.1087  1320    59655.5500    41586.9405 22436534   30.29%
  67603 59421    56830.1852  1903    59655.5500    41587.1464 22530379   30.29%
  67700 59446    59429.2344  1802    59655.5500    41587.1464 22540222   30.29%
Elapsed time = 8779.31 sec. (2113239.64 ticks, tree = 3018.89 MB, solutions = 8)
Nodefile size = 963.51 MB (902.12 MB after compression)
  67806 59553    43595.2079  2010    59655.5500    41589.6295 22594455   30.28%
  67877 59741    47146.0629  1908    59655.5500    41589.6295 22658476   30.28%
  67949 59593    56344.4702  1951    59655.5500    41589.6295 22614065   30.28%
  68072 59870    59518.8868   993    59655.5500    41593.0564 22715801   30.28%
  68161 59793    58440.4750  1442    59655.5500    41593.0564 22690331   30.28%
  68274 60030    47154.8385  2002    59655.5500    41593.0564 22815549   30.28%
  68397 59975    56954.8716  1590    59655.5500    41594.7313 22785448   30.28%
  68537 60256    58649.1471  1591    59655.5500    41594.7313 22889396   30.28%
  68605 60417    51717.7043  2053    59655.5500    41594.7313 22979489   30.28%
  68707 60386    53112.7295  1732    59655.5500    41594.7313 22948790   30.28%
Elapsed time = 8958.16 sec. (2151787.01 ticks, tree = 3057.75 MB, solutions = 8)
Nodefile size = 998.64 MB (934.68 MB after compression)
  68850 60427    59234.9077  1642    59655.5500    41600.6402 22959035   30.27%
  68938 60560    55432.3127  1820    59655.5500    41602.3786 23026541   30.26%
  69051 60838    58172.1451  1934    59655.5500    41604.1452 23144922   30.26%
  69123 60669    44033.0133  1826    59655.5500    41604.1452 23079768   30.26%
  69215 60954    54584.4605  1840    59655.5500    41605.1163 23182833   30.26%
  69326 60986    57799.9749  1747    59655.5500    41609.2770 23192671   30.25%
  69473 61118    59220.7429  1594    59655.5500    41610.5757 23236131   30.25%
  69540 61236    46699.4368  1806    59655.5500    41610.5757 23320019   30.25%
  69630 61161    50479.1334  1306    59655.5500    41610.5757 23258529   30.25%
  69746 61251    58945.4586  1797    59655.5500    41610.5776 23308297   30.25%
Elapsed time = 9141.91 sec. (2190330.79 ticks, tree = 3113.40 MB, solutions = 8)
Nodefile size = 1052.18 MB (984.73 MB after compression)
  69874 61319    59041.1295  1414    59655.5500    41611.4104 23353942   30.25%
  69979 61375    50703.6483  1542    59655.5500    41614.0624 23371492   30.24%
  70060 61605    51210.1683  1965    59655.5500    41614.0624 23455806   30.24%
  70178 61635    54050.0205  1779    59655.5500    41614.3037 23465718   30.24%
  70366 61981    58612.5597  1464    59655.5500    41614.5512 23583391   30.24%
  70461 62028    44187.8073  1860    59655.5500    41614.8770 23594006   30.24%
  70552 62149    51512.3627  1949    59655.5500    41614.8770 23666932   30.24%
  70667 62246    54929.8830  1693    59655.5500    41614.8770 23702965   30.24%
  70781 62488    49695.5966  1824    59655.5500    41620.6318 23788514   30.23%
  70883 62459    55734.1680  1808    59655.5500    41620.6318 23759567   30.23%
Elapsed time = 9324.91 sec. (2228929.77 ticks, tree = 3172.64 MB, solutions = 8)
Nodefile size = 1117.89 MB (1046.31 MB after compression)
  71000 62339    52613.8676  1842    59655.5500    41622.0898 23733159   30.23%
  71086 62552    45652.9094  1958    59655.5500    41622.0898 23818031   30.23%
  71211 62633    44414.2128  2036    59655.5500    41622.1777 23860197   30.23%
  71294 62859    50938.8235  1769    59655.5500    41622.1777 23928772   30.23%
  71412 62954    52433.5646  1782    59655.5500    41624.0683 23980848   30.23%
  71568 63018    50255.8367  1822    59655.5500    41624.0683 24020742   30.23%
  71643 63160    44043.0541  2056    59655.5500    41626.0353 24055028   30.22%
  71730 63047    44028.8447  2101    59655.5500    41630.3165 24040858   30.22%
  71806 63446    57494.4993  1820    59655.5500    41632.4784 24145741   30.21%
  71902 63369    57639.5676  1427    59655.5500    41632.4784 24121037   30.21%
Elapsed time = 9508.34 sec. (2267442.06 ticks, tree = 3215.97 MB, solutions = 8)
Nodefile size = 1157.58 MB (1083.11 MB after compression)
  72012 63552    54307.6503  1861    59655.5500    41632.5014 24201972   30.21%
  72127 63517    48404.7867  1954    59655.5500    41635.5728 24174703   30.21%
  72243 63683    56636.0841  1730    59655.5500    41636.1329 24286372   30.21%
  72360 63697    45398.9260  1957    59655.5500    41637.3864 24296011   30.20%
  72461 63672    46557.3115  1801    59655.5500    41637.3864 24272121   30.20%
  72579 63744    56743.6309  1613    59655.5500    41637.6954 24314486   30.20%
  72701 64137    42346.8919  2061    59655.5500    41638.8915 24454095   30.20%
  72788 64074    49158.2994  1870    59655.5500    41641.3224 24431473   30.20%
  72870 64360    55623.0157  1812    59655.5500    41641.3224 24548265   30.20%
  72985 64325    51902.8893  1637    59655.5500    41641.9532 24527729   30.20%
Elapsed time = 9693.88 sec. (2305908.13 ticks, tree = 3279.61 MB, solutions = 8)
Nodefile size = 1219.34 MB (1141.28 MB after compression)
  73119 64601    58450.3601  1551    59655.5500    41644.8694 24626663   30.19%
  73223 64405    54364.6533  1553    59655.5500    41646.8592 24578036   30.19%
  73293 64657    54353.7631  1668    59655.5500    41647.0108 24645948   30.19%
  73384 64779    56128.0693  1669    59655.5500    41647.0108 24728142   30.19%
  73471 64699    50756.7511  1757    59655.5500    41647.9321 24665977   30.19%
  73560 65105    56953.8569  1820    59655.5500    41649.6178 24848787   30.18%
  73686 64935    58584.0356  1566    59655.5500    41650.4834 24784728   30.18%
  73759 65044    53336.6789  1471    59655.5500    41650.4834 24831449   30.18%
  73867 65080    57283.1085  1457    59655.5500    41651.7336 24843353   30.18%
  73952 65470    46808.0585  2000    59655.5500    41651.7336 25021857   30.18%
Elapsed time = 9879.30 sec. (2344454.53 ticks, tree = 3352.25 MB, solutions = 8)
Nodefile size = 1298.10 MB (1215.38 MB after compression)
  74082 65500    50610.1418  1791    59655.5500    41652.2663 25032395   30.18%
  74205 65320    58649.2088  1380    59655.5500    41652.2663 24960935   30.18%
  74330 65657    48909.9423  2097    59655.5500    41652.2663 25081542   30.18%
  74429 65692    47016.6033  1897    59655.5500    41655.6625 25118032   30.17%
  74558 65826    57169.7952  1550    59655.5500    41656.3025 25165623   30.17%
  74707 66051    48739.8979  2011    59655.5500    41656.8033 25249479   30.17%
  74803 65903    45605.3394  1821    59655.5500    41656.8033 25185256   30.17%
  74888 66105    57722.7238  1550    59655.5500    41657.4336 25269901   30.17%
  74985 66307    55273.6576  1649    59655.5500    41660.0771 25337274   30.17%
  75080 66215    43387.1120  2120    59655.5500    41660.0771 25315729   30.17%
Elapsed time = 10063.86 sec. (2382873.77 ticks, tree = 3368.30 MB, solutions = 8)
Nodefile size = 1308.75 MB (1225.27 MB after compression)
  75161 66437    45311.5060  1901    59655.5500    41660.2649 25393853   30.17%
  75238 66530    58325.7548  1356    59655.5500    41660.3995 25434142   30.17%
  75320 66725    51833.1978  1901    59655.5500    41660.6455 25502320   30.16%
  75419 66662    57636.0126  1382    59655.5500    41660.8891 25482544   30.16%
  75526 66821    49164.4327  1963    59655.5500    41661.7808 25560412   30.16%
  75622 66907    56598.3271  1748    59655.5500    41661.7808 25603865   30.16%
  75751 66958        cutoff          59655.5500    41663.6404 25614539   30.16%
  75844 66967    52154.9493  1890    59655.5500    41664.7845 25651655   30.16%
  75900 67330    53885.3552  1858    59655.5500    41666.4010 25770921   30.16%
  75975 67139    48172.5519  1895    59655.5500    41666.4010 25707256   30.16%
Elapsed time = 10243.61 sec. (2421444.89 ticks, tree = 3420.71 MB, solutions = 8)
Nodefile size = 1365.07 MB (1277.73 MB after compression)
  76069 67261    56449.2701  1670    59655.5500    41666.4010 25752933   30.16%
  76175 67285    44734.1252  1904    59655.5500    41667.7366 25763245   30.15%
  76299 67538    44570.8938  2110    59655.5500    41667.7366 25875384   30.15%
  76401 67712    44122.0196  1926    59655.5500    41667.7366 25959150   30.15%
  76500 67506    43219.4951  1942    59655.5500    41667.7366 25860773   30.15%
  76607 67623    54788.9419  1819    59655.5500    41670.2448 25904472   30.15%
  76708 67970    57390.4381  1711    59655.5500    41671.5896 26052963   30.15%
  76842 68061    56610.6079  1436    59655.5500    41671.7166 26097121   30.15%
  76929 68023    45933.2138  2077    59655.5500    41673.0195 26073058   30.14%
  77062 68108    48914.3597  1696    59655.5500    41675.8444 26117557   30.14%
Elapsed time = 10443.84 sec. (2459843.67 ticks, tree = 3469.24 MB, solutions = 8)
Nodefile size = 1410.67 MB (1320.35 MB after compression)
  77227 68289    53192.1949  1919    59655.5500    41676.0848 26192048   30.14%
  77329 68414    43506.0886  1929    59655.5500    41676.0848 26236962   30.14%
  77400 68325    51760.3059  1947    59655.5500    41677.8004 26211650   30.14%
  77507 68347    57606.2322  1894    59655.5500    41677.8004 26221429   30.14%
  77640 68572    56396.4597  1698    59655.5500    41679.3974 26298357   30.13%
  77758 68794    50992.4453  1759    59655.5500    41679.5943 26378362   30.13%
  77840 68837    46840.2030  1828    59655.5500    41680.6507 26359255   30.13%
  77951 69050    58674.6761  1586    59655.5500    41682.1517 26468732   30.13%
  78040 68857    46940.6842  2060    59655.5500    41682.1517 26409335   30.13%
  78155 69123    57923.8181  1015    59655.5500    41685.1978 26490243   30.12%
Elapsed time = 10643.69 sec. (2498435.13 ticks, tree = 3538.10 MB, solutions = 8)
Nodefile size = 1475.62 MB (1381.74 MB after compression)
  78258 69291    53551.3366  1928    59655.5500    41685.1978 26560768   30.12%
  78374 69330    57312.7970  1812    59655.5500    41687.2416 26570876   30.12%
  78467 69606    55783.2080  1448    59655.5500    41687.2416 26693296   30.12%
  78562 69699    45185.7635  2079    59655.5500    41687.4267 26725411   30.12%
  78665 69719    47728.6937  2004    59655.5500    41687.9011 26734942   30.12%
  78808 69883    55099.4165  1680    59655.5500    41689.1325 26783292   30.12%
  78907 69770    44255.3208  1931    59655.5500    41689.1325 26754270   30.12%
  79030 70078    53539.2989  1617    59655.5500    41689.1325 26882605   30.12%
  79131 69979    53302.4577  1687    59655.5500    41689.1325 26814532   30.12%
  79267 70135        cutoff          59655.5500    41689.1325 26904103   30.12%
Elapsed time = 10834.59 sec. (2536858.83 ticks, tree = 3606.90 MB, solutions = 8)
Nodefile size = 1545.56 MB (1447.53 MB after compression)
  79420 70214    52932.0583  1788    59655.5500    41692.2332 26938106   30.11%
  79539 70265    57109.9935  1609    59655.5500    41692.2532 26948189   30.11%
  79640 70482    49407.9099  2104    59655.5500    41693.0500 27029690   30.11%
  79720 70829    53570.1288  1809    59655.5500    41697.1790 27142613   30.10%
  79829 70873    57990.5975  1385    59655.5500    41697.3028 27152297   30.10%
  79970 70977    58053.6062  1732    59655.5500    41698.3038 27196492   30.10%
  80085 70949    53161.8343  1182    59655.5500    41698.3038 27172438   30.10%
  80208 71015    46502.8129  1855    59655.5500    41699.3698 27215766   30.10%
  80286 71114    46438.2772  1951    59655.5500    41700.6620 27262365   30.10%
  80376 71135    56632.8523  1811    59655.5500    41700.9616 27272514   30.10%
Elapsed time = 11030.89 sec. (2575416.73 ticks, tree = 3673.29 MB, solutions = 8)
Nodefile size = 1610.95 MB (1509.14 MB after compression)
  80506 71210    57407.4213  1723    59655.5500    41701.2982 27311704   30.10%
  80592 71358    54939.7500  1262    59655.5500    41701.2982 27362471   30.10%
  80659 71760    57696.7388  1211    59655.5500    41704.4136 27509499   30.09%
  80741 71715    55976.9643  1975    59655.5500    41704.8124 27475936   30.09%
  80820 71873    56534.7622  1172    59655.5500    41704.8124 27566626   30.09%
  80936 71745    47834.2831  2022    59655.5500    41704.8124 27495305   30.09%
  81008 71959    54302.9970  1205    59655.5500    41704.8124 27623095   30.09%
  81110 72029    57809.0778  1813    59655.5500    41707.4211 27657495   30.09%
  81228 72045    59393.5692  1076    59655.5500    41707.7945 27643459   30.09%
  81296 72068    59634.7893  1604    59655.5500    41708.0391 27678281   30.09%
Elapsed time = 11219.62 sec. (2614017.96 ticks, tree = 3725.70 MB, solutions = 8)
Nodefile size = 1666.39 MB (1561.22 MB after compression)
  81357 72349    58802.3032  2023    59655.5500    41708.0391 27804216   30.09%
  81444 72266    53242.2155  1619    59655.5500    41708.3803 27774883   30.08%
  81543 72310    59480.1919  1587    59655.5500    41708.5994 27783585   30.08%
  81635 72452    52076.7800  1691    59655.5500    41710.0579 27863096   30.08%
  81718 72473    57659.0107  1620    59655.5500    41710.2095 27873013   30.08%
  81832 72681    52810.0314  1854    59655.5500    41710.2095 27950628   30.08%
  81953 72733    57324.5052  1572    59655.5500    41710.2199 27959828   30.08%
  82107 72842    49206.5373  1759    59655.5500    41710.2199 28034938   30.08%
  82257 72881    56124.0779  1741    59655.5500    41710.2199 28044900   30.08%
  82447 73066    52968.4071  1875    59655.5500    41710.2199 28125508   30.08%
Elapsed time = 11415.59 sec. (2652499.71 ticks, tree = 3793.23 MB, solutions = 8)
Nodefile size = 1736.28 MB (1627.03 MB after compression)
  82612 73232    42755.5084  1977    59655.5500    41714.7083 28170419   30.07%
  82676 73326    51228.5689  1961    59655.5500    41714.7885 28205672   30.07%
  82765 73265    53586.8946  1528    59655.5500    41715.8469 28191761   30.07%
  82884 73407    42361.7563  1974    59655.5500    41719.3223 28225218   30.07%
  83005 73615    58996.7672  1755    59655.5500    41719.3223 28283990   30.07%
  83115 73631    46190.6770  1849    59655.5500    41722.5620 28293999   30.06%
  83217 73712    54554.9176  1699    59655.5500    41724.6288 28334463   30.06%
  83330 73836    55871.4098  1789    59655.5500    41725.4134 28385253   30.06%
  83442 73977    46863.4749  2020    59655.5500    41725.9038 28419832   30.06%
  83545 74249    44242.1686  2035    59655.5500    41726.4069 28543438   30.05%
Elapsed time = 11602.70 sec. (2691045.71 ticks, tree = 3849.96 MB, solutions = 8)
Nodefile size = 1794.26 MB (1681.62 MB after compression)
  83646 74424    46148.7228  2032    59655.5500    41728.7636 28619249   30.05%
  83759 74450    51821.0770  1839    59655.5500    41728.7636 28628682   30.05%
  83847 74691    43685.7727  2069    59655.5500    41729.8987 28712800   30.05%
  83949 74708    51438.4436  1961    59655.5500    41729.8987 28722563   30.05%
  84013 74734    55590.0066  1841    59655.5500    41730.1716 28731930   30.05%
  84092 74886    45836.0727  1898    59655.5500    41731.3674 28811544   30.05%
  84171 74896    52153.2767  1540    59655.5500    41731.9322 28821578   30.05%
  84224 75067    47998.8935  1866    59655.5500    41732.5480 28899271   30.04%
  84308 74831    50156.3550  1907    59655.5500    41732.5480 28804228   30.04%
  84375 74956    45784.2334  2034    59655.5500    41734.1227 28853144   30.04%
Elapsed time = 11777.53 sec. (2729575.43 ticks, tree = 3872.49 MB, solutions = 8)
Nodefile size = 1812.45 MB (1698.26 MB after compression)
  84451 75164    43517.0809  1807    59655.5500    41734.6081 28959663   30.04%
  84599 75198    47804.0410  1970    59655.5500    41735.3298 28969401   30.04%
  84718 75244    51723.4893  1621    59655.5500    41735.4919 28979897   30.04%
  84894 75342    46552.1063  1899    59655.5500    41735.4919 29030248   30.04%
  84958 75615    46903.0330  1923    59655.5500    41736.5072 29148918   30.04%
  85089 75658    54716.1483  1563    59655.5500    41736.5072 29159603   30.04%
  85222 75823    57971.0764  1754    59655.5500    41736.8410 29209367   30.04%
  85329 75932    57107.8944  1797    59655.5500    41738.3654 29283674   30.03%
  85422 75749    54383.6720  1864    59655.5500    41738.3654 29190630   30.03%
  85521 75871    43097.1647  1826    59655.5500    41742.7407 29264472   30.03%
Elapsed time = 11969.94 sec. (2767938.48 ticks, tree = 3920.15 MB, solutions = 8)
Nodefile size = 1860.32 MB (1742.92 MB after compression)
  85635 76105    52303.5394  1563    59655.5500    41744.4558 29343562   30.02%
  85787 76446    58534.1548  1734    59655.5500    41745.4041 29464648   30.02%
  85851 76399    50052.3687  1832    59655.5500    41745.4041 29441033   30.02%
  85933 76531    49233.3400  1999    59655.5500    41745.4490 29512109   30.02%
  86102 76661    57814.9315  1638    59655.5500    41745.5581 29559115   30.02%
  86180 76766    54751.2755  1398    59655.5500    41745.6871 29605358   30.02%
  86265 76938    55342.1349  1748    59655.5500    41745.9278 29647439   30.02%
  86334 76598    47239.2174  1880    59655.5500    41745.9278 29543528   30.02%
  86413 76962    45967.0300  1886    59655.5500    41749.4518 29666665   30.02%
  86542 77068    53746.8657  1545    59655.5500    41749.4691 29696939   30.02%
Elapsed time = 12159.83 sec. (2806372.52 ticks, tree = 4001.24 MB, solutions = 8)
Nodefile size = 1943.06 MB (1820.66 MB after compression)
  86689 77140    59419.1662  1512    59655.5500    41749.6434 29706906   30.02%
  86785 77266    54707.1136  1727    59655.5500    41750.9768 29795545   30.01%
  86923 77324    56939.9097  1678    59655.5500    41750.9768 29843388   30.01%
  86998 77473    54340.9577  1889    59655.5500    41751.1731 29880367   30.01%
  87108 77355    52268.7133  1949    59655.5500    41752.7566 29862964   30.01%
  87191 77775    58429.0416  1640    59655.5500    41752.8806 29976594   30.01%
  87301 77786    44631.8519  1921    59655.5500    41753.9291 29986388   30.01%
  87389 77802    47971.9925  1949    59655.5500    41753.9291 29996217   30.01%
  87462 78050    57875.5486  1316    59655.5500    41755.1752 30114870   30.01%
  87553 78141    57940.2913  1750    59655.5500    41755.8516 30159712   30.01%
Elapsed time = 12350.58 sec. (2844812.58 ticks, tree = 4075.29 MB, solutions = 8)
Nodefile size = 2019.40 MB (1892.70 MB after compression)
  87661 77980        cutoff          59655.5500    41755.8516 30094347   30.01%
  87743 78002    44718.5014  1783    59655.5500    41755.9342 30104114   30.00%
  87816 78363    54471.1411  1528    59655.5500    41756.7946 30255662   30.00%
  87928 78463    52617.3551  1706    59655.5500    41756.9623 30305293   30.00%
  87991 78318    47162.3765  1805    59655.5500    41757.5887 30245160   30.00%
  88074 78499    53491.0289  1486    59655.5500    41758.0420 30325035   30.00%
  88153 78640    55738.0425  1753    59655.5500    41758.0420 30407893   30.00%
  88239 78682    59453.3782  1562    59655.5500    41758.2511 30418822   30.00%
  88413 78849    59251.8218   678    59655.5500    41758.7564 30458386   30.00%
  88474 78716    50939.2826  1844    59655.5500    41758.9575 30437930   30.00%
Elapsed time = 12534.83 sec. (2883218.93 ticks, tree = 4104.81 MB, solutions = 8)
Nodefile size = 2049.67 MB (1921.30 MB after compression)
  88559 78982    57838.4569  1873    59655.5500    41762.2519 30592679   29.99%
  88671 78923    56727.5945  1743    59655.5500    41762.2519 30563016   29.99%
  88736 78858    53468.2962  1891    59655.5500    41766.2292 30538985   29.99%
  88820 78979    55779.4038  1781    59655.5500    41768.7008 30584135   29.98%
  88922 79273    49758.4993  1623    59655.5500    41771.0765 30710398   29.98%
  89026 79305    57394.7689  1674    59655.5500    41771.5732 30721041   29.98%
  89112 79517    45014.4550  2025    59655.5500    41771.5732 30800960   29.98%
  89173 79657    46253.8504  1889    59655.5500    41772.3589 30883492   29.98%
  89242 79560    57393.1981  1627    59655.5500    41772.3589 30820277   29.98%
  89351 79707    56489.0860  1812    59655.5500    41772.4879 30903182   29.98%
Elapsed time = 12714.73 sec. (2921933.08 ticks, tree = 4130.23 MB, solutions = 8)
Nodefile size = 2071.49 MB (1941.16 MB after compression)
  89436 79829    52003.4340  1798    59655.5500    41773.9066 30982830   29.97%
  89514 79739    47097.8255  1949    59655.5500    41773.9066 30922724   29.97%
  89591 80041    53487.6572  1771    59655.5500    41776.6950 31069548   29.97%
  89696 79809    58017.2621  1292    59655.5500    41776.6950 30979815   29.97%
  89764 80131    45201.5612  2020    59655.5500    41778.4032 31126547   29.97%
  89837 80020    50940.3261  1881    59655.5500    41778.4032 31056585   29.97%
  89928 80041    58369.5266  1887    59655.5500    41778.4032 31066465   29.97%
  90024 80328    43463.9533  2027    59655.5500    41778.4032 31221721   29.97%
  90141 80473    51361.2404  1817    59655.5500    41781.0193 31304562   29.96%
  90238 80506    56043.0499  1846    59655.5500    41781.0193 31314242   29.96%
Elapsed time = 12908.53 sec. (2960695.05 ticks, tree = 4179.94 MB, solutions = 8)
Nodefile size = 2122.77 MB (1989.33 MB after compression)
  90365 80599    56689.1763  1666    59655.5500    41781.3283 31363522   29.96%
  90505 80688    42162.2867  2096    59655.5500    41781.6390 31402531   29.96%
  90589 80639    52406.7140  1857    59655.5500    41784.4371 31382847   29.96%
  90647 80664    57080.9703  1811    59655.5500    41784.8552 31392847   29.96%
  90712 81035    56974.1558  1714    59655.5500    41784.8552 31511761   29.96%
  90731 80889    53543.2832  1712    59655.5500    41784.8552 31462422   29.96%
  90776 81038    57086.6092  1642    59655.5500    41785.5328 31512632   29.96%
  90859 81228    51655.9083  1962    59655.5500    41785.5328 31611814   29.96%
  90931 81193    54485.4396  1708    59655.5500    41785.5328 31600591   29.96%
  91030 81296    45594.7597  1734    59655.5500    41785.5328 31647370   29.96%
Elapsed time = 13198.26 sec. (2999455.02 ticks, tree = 4229.44 MB, solutions = 8)
Nodefile size = 2173.30 MB (2036.93 MB after compression)
  91150 81319    51525.4161  1436    59655.5500    41785.5328 31658476   29.96%
  91224 81386    51378.5051  1944    59655.5500    41788.1076 31685271   29.95%
  91316 81378    57047.6960  1263    59655.5500    41788.3533 31680135   29.95%
  91475 81513    56637.6683  1594    59655.5500    41788.3533 31749347   29.95%
  91553 81541    44663.3668  1895    59655.5500    41788.4698 31759139   29.95%
  91620 81748    53073.3186  1974    59655.5500    41788.4698 31845482   29.95%
  91713 81952    52847.0123  1195    59655.5500    41788.4698 31912878   29.95%
  91817 82004    43558.7883  1866    59655.5500    41788.4698 31924235   29.95%
  91906 82053    51180.2838  1836    59655.5500    41792.8945 31980665   29.94%
* 91915+82151                        59313.7500    41792.8945            29.54%
  92017 82060    42786.5588  2027    59313.7500    41792.8945 31945012   29.54%
Elapsed time = 13501.76 sec. (3037925.35 ticks, tree = 4257.26 MB, solutions = 9)
Nodefile size = 2194.15 MB (2056.09 MB after compression)
  92070 80932    52994.3734  1872    59313.7500    41792.8945 32025968   29.54%
* 92122+81052                        59077.2700    41793.2085            29.26%
  92138 80912    44170.6616  1918    59077.2700    41793.2085 32041862   29.26%
  92196 80929    51269.1482  1329    59077.2700    41793.3621 32052523   29.26%
* 92259+80934                        59077.2700    41793.3621            29.26%
  92259 80936    53836.9023  1909    59077.2700    41793.3621 32029035   29.26%
  92327 80972    48219.7042  1861    59077.2700    41793.3621 32074094   29.26%
* 92390+80971                        59077.2700    41793.3621            29.26%
  92400 79720    52769.2128  1390    59077.2700    41793.3621 32120559   29.26%
  92500 79867    46896.6846  1798    59077.2700    41793.3621 32166375   29.26%
  92620 79937    56890.3878  1659    59077.2700    41796.9424 32196443   29.25%
  92741 79954    46752.0824  1775    59077.2700    41796.9424 32206657   29.25%
  92801 80044    55824.1674  1717    59077.2700    41797.5600 32252170   29.25%
Elapsed time = 13797.76 sec. (3076340.52 ticks, tree = 4166.76 MB, solutions = 11)
Nodefile size = 2103.44 MB (1971.37 MB after compression)
  92849 80108    53711.1408  1689    59077.2700    41797.5600 32276358   29.25%
  92946 80153    58095.8244  1558    59077.2700    41802.5279 32286803   29.24%
  93054 80211    57351.9450  1234    59077.2700    41803.4025 32349663   29.24%
  93106 80534    46081.7895  2031    59077.2700    41803.4025 32444975   29.24%
  93168 80558    51432.6160  1862    59077.2700    41803.4025 32454669   29.24%
  93244 80373    54266.0511  1665    59077.2700    41803.4025 32390997   29.24%
  93335 80623    45605.4651  2015    59077.2700    41803.4025 32474103   29.24%
  93392 80710    52376.4357  1961    59077.2700    41809.2279 32515242   29.23%
  93440 80801    56935.5368  1865    59077.2700    41809.2279 32578092   29.23%
  93504 80914    48331.8765  1931    59077.2700    41809.2279 32616627   29.23%
Elapsed time = 14172.95 sec. (3114955.62 ticks, tree = 4225.42 MB, solutions = 11)
Nodefile size = 2169.36 MB (2033.60 MB after compression)
  93561 80714    44391.2124  2063    59077.2700    41809.2279 32519402   29.23%
  93639 80944    56527.7979  1503    59077.2700    41814.5631 32636327   29.22%
  93732 81097    56510.6597  1650    59077.2700    41814.5631 32708728   29.22%
  93817 81220    44349.8376  1998    59077.2700    41814.6330 32795691   29.22%
  93890 81140    47482.6225  1504    59077.2700    41814.6330 32728970   29.22%
  93959 81162    48801.8478  1513    59077.2700    41814.6330 32739456   29.22%
  94050 81378    52758.1244  1313    59077.2700    41814.6330 32869225   29.22%
  94113 81287    58599.7277  1206    59077.2700    41814.6330 32829073   29.22%
  94165 81416    48593.3696  2042    59077.2700    41814.6330 32890132   29.22%

GUB cover cuts applied:  268
Cover cuts applied:  13
Implied bound cuts applied:  250
Flow cuts applied:  236
Mixed integer rounding cuts applied:  3152
Zero-half cuts applied:  222
Lift and project cuts applied:  25
Gomory fractional cuts applied:  4

Root node processing (before b&c):
  Real time             =   34.23 sec. (8202.47 ticks)
Parallel b&c, 4 threads:
  Real time             = 14373.27 sec. (3142145.12 ticks)
  Sync time (average)   =  769.98 sec.
  Wait time (average)   =    0.06 sec.
                          ------------
Total (root+branch&cut) = 14407.50 sec. (3150347.58 ticks)
