Version identifier: 22.1.1.0 | 2022-11-27 | 9160aff4d
CPXPARAM_Read_DataCheck                          1
CPXPARAM_TimeLimit                               14400
1 of 1 MIP starts provided solutions.
MIP start 'm1' defined initial solution with objective 147879.3200.
Tried aggregator 7 times.
MIP Presolve eliminated 8743 rows and 14257 columns.
MIP Presolve modified 23141 coefficients.
Aggregator did 1311 substitutions.
Reduced MIP has 13206 rows, 18532 columns, and 65122 nonzeros.
Reduced MIP has 12512 binaries, 6020 generals, 0 SOSs, and 0 indicators.
Presolve time = 0.33 sec. (162.26 ticks)
Probing fixed 0 vars, tightened 2408 bounds.
Probing time = 0.09 sec. (9.91 ticks)
Tried aggregator 6 times.
MIP Presolve eliminated 1778 rows and 2299 columns.
MIP Presolve modified 148 coefficients.
Aggregator did 1041 substitutions.
Reduced MIP has 10387 rows, 15192 columns, and 52476 nonzeros.
Reduced MIP has 9492 binaries, 5700 generals, 0 SOSs, and 0 indicators.
Presolve time = 0.17 sec. (98.48 ticks)
Probing time = 0.06 sec. (5.21 ticks)
Tried aggregator 4 times.
Detecting symmetries...
MIP Presolve eliminated 1136 rows and 956 columns.
MIP Presolve modified 190 coefficients.
Aggregator did 576 substitutions.
Reduced MIP has 8675 rows, 13660 columns, and 46564 nonzeros.
Reduced MIP has 7960 binaries, 5700 generals, 0 SOSs, and 0 indicators.
Presolve time = 0.12 sec. (64.02 ticks)
Probing time = 0.06 sec. (5.42 ticks)
Clique table members: 14074.
MIP emphasis: balance optimality and feasibility.
MIP search method: dynamic search.
Parallel mode: deterministic, using up to 4 threads.
Root relaxation solution time = 0.97 sec. (302.67 ticks)

        Nodes                                         Cuts/
   Node  Left     Objective  IInf  Best Integer    Best Bound    ItCnt     Gap

*     0+    0                       147879.3200        0.0000           100.00%
      0     0    23843.8121   772   147879.3200    23843.8121       17   83.88%
*     0+    0                       147507.3800    23843.8121            83.84%
      0     0    43114.1140  1651   147507.3800    Cuts: 1286     3520   70.77%
      0     0    48882.4904  1863   147507.3800    Cuts: 1092     6199   66.86%
      0     0    54063.1958  2276   147507.3800     Cuts: 713     8700   63.35%
*     0+    0                       146962.4200    54063.1958            63.21%
      0     0  -1.00000e+75     0   146962.4200    54063.1958     8700   63.21%
      0     0    55753.1290  2572   146962.4200     Cuts: 520    10604   62.06%
      0     0    56897.7426  2885   146962.4200     Cuts: 391    12270   61.28%
Detecting symmetries...
      0     0    57816.1132  2923   146962.4200     Cuts: 263    13800   60.66%
      0     0    58315.4849  2937   146962.4200     Cuts: 213    15223   60.32%
      0     0    58748.5126  3069   146962.4200     Cuts: 187    16666   60.02%
      0     0    59003.1985  3084   146962.4200     Cuts: 214    17804   59.85%
      0     0    59184.9040  3088   146962.4200     Cuts: 173    18794   59.73%
      0     0    59448.1685  3149   146962.4200     Cuts: 145    19931   59.55%
*     0+    0                       146895.1500    59448.1685            59.53%
      0     0    59586.6035  3292   146895.1500     Cuts: 133    20863   59.44%
      0     0    59764.7619  3201   146895.1500     Cuts: 136    21643   59.31%
      0     0    59911.7163  3167   146895.1500     Cuts: 122    22477   59.21%
      0     0    59986.7365  3201   146895.1500      Cuts: 94    23230   59.16%
      0     0    60040.3933  3215   146895.1500     Cuts: 103    23830   59.13%
      0     0    60141.5368  3177   146895.1500      Cuts: 79    24576   59.06%
      0     0    60333.2448  3189   146895.1500     Cuts: 100    25501   58.93%
      0     0    60479.9172  3200   146895.1500     Cuts: 137    26447   58.83%
      0     0    60578.2179  3325   146895.1500     Cuts: 161    27355   58.76%
      0     0    60685.6949  3280   146895.1500     Cuts: 106    28164   58.69%
      0     0    61940.5934  3212   146895.1500     Cuts: 254    31191   57.83%
      0     0    62474.1796  3294   146895.1500     Cuts: 357    33017   57.47%
      0     0    62933.3338  3305   146895.1500     Cuts: 269    34722   57.16%
      0     0    63157.9607  3452   146895.1500     Cuts: 259    35968   57.00%
      0     0    63266.6834  3499   146895.1500     Cuts: 155    36992   56.93%
      0     0    63326.0334  3556   146895.1500     Cuts: 150    37695   56.89%
      0     0    63400.8800  3489   146895.1500      Cuts: 93    38477   56.84%
      0     0    63498.5118  3406   146895.1500     Cuts: 127    39330   56.77%
      0     0    63558.7674  3546   146895.1500     Cuts: 141    40009   56.73%
      0     0    63595.3822  3571   146895.1500     Cuts: 110    40648   56.71%
*     0+    0                       145318.3800    63595.3822            56.24%
      0     0    63622.3682  3547   145318.3800      Cuts: 81    41138   56.22%
*     0+    0                       144865.8700    63622.3682            56.08%
      0     0    63654.1958  3597   144865.8700      Cuts: 79    41742   56.06%
      0     0    63679.7954  3634   144865.8700      Cuts: 99    42161   56.04%
      0     0    63709.1349  3596   144865.8700      Cuts: 76    42512   56.02%
      0     0    63744.5936  3596   144865.8700      Cuts: 76    43054   56.00%
      0     0    63760.1156  3564   144865.8700      Cuts: 63    43392   55.99%
      0     0    63775.8530  3539   144865.8700      Cuts: 64    43787   55.98%
*     0+    0                       144256.7900    63775.8530            55.79%
*     0+    0                       143503.9500    63775.8530            55.56%
*     0+    0                       143401.0200    63775.8530            55.53%
Detecting symmetries...
      0     2    63775.8530  3519   143401.0200    63775.8530    43787   55.53%
Elapsed time = 203.70 sec. (41129.16 ticks, tree = 0.02 MB, solutions = 9)
      1     3    64730.3652  3112   143401.0200    63775.8633    45308   55.53%
      2     4    67298.0647  2924   143401.0200    63775.8633    46422   55.53%
      3     5    68396.7063  2975   143401.0200    63775.8633    47214   55.53%
      5     7    68705.0306  2909   143401.0200    63775.8633    47872   55.53%
      7     9    69190.5580  2887   143401.0200    63775.8633    49388   55.53%
      8    10    69245.5061  2974   143401.0200    63775.8633    50040   55.53%
     10     4    64820.5771  3131   143401.0200    63775.8633    46191   55.53%
     12    11    68739.6012  2998   143401.0200    63775.8633    51594   55.53%
     14    15    68850.2474  2932   143401.0200    63775.8633    54175   55.53%
     22    21    69138.1366  2961   143401.0200    63775.8633    58848   55.53%
Elapsed time = 231.88 sec. (46670.52 ticks, tree = 0.48 MB, solutions = 9)
     38    22    66487.8782  3400   143401.0200    63782.9692    60753   55.52%
     52    43    64125.2187  3425   143401.0200    63870.6104    70975   55.46%
     60    45    64176.8798  3428   143401.0200    64125.3151    72727   55.28%
     73    63    66510.3622  2952   143401.0200    64143.6267    82871   55.27%
     89    87    74200.4632  2913   143401.0200    64143.6267    93979   55.27%
    105    88    69496.4077  2894   143401.0200    64143.6267    94237   55.27%
    129   112    75731.2550  2765   143401.0200    64143.6267   103311   55.27%
    149   140    64350.9488  3321   143401.0200    64143.6267   113799   55.27%
    163   146    64515.2907  3294   143401.0200    64143.6267   115513   55.27%
    191   165    76670.6019  2628   143401.0200    64143.6267   122094   55.27%
Elapsed time = 288.78 sec. (56759.13 ticks, tree = 6.14 MB, solutions = 9)
    213   198    76940.1288  2672   143401.0200    64143.6267   134717   55.27%
    229   185    77875.0101  2085   143401.0200    64143.6267   135418   55.27%
    246   214    64781.3778  3344   143401.0200    64143.6267   141815   55.27%
    273   236    81445.0092  1958   143401.0200    64143.6267   147633   55.27%
    297   280    82876.4371  1964   143401.0200    64143.6267   157774   55.27%
    313   285    67571.3934  3026   143401.0200    64143.6267   160507   55.27%
    338   311    67970.5716  2973   143401.0200    64143.6267   168936   55.27%
    376   313    83448.5254  1861   143401.0200    64143.6267   166327   55.27%
    400   346    84909.8091  1889   143401.0200    64143.6267   176269   55.27%
    434   405    91447.8580  1825   143401.0200    64143.6267   185887   55.27%
Elapsed time = 345.48 sec. (67341.04 ticks, tree = 26.23 MB, solutions = 9)
    456   426    98847.9378  1972   143401.0200    64143.6267   194511   55.27%
    489   474    94025.7719  1812   143401.0200    64143.6267   198458   55.27%
    527   486    96531.0944  1730   143401.0200    64143.6267   200476   55.27%
    572   504   101685.4199  1625   143401.0200    64143.6267   203256   55.27%
    603   490    66229.6836  3128   143401.0200    64143.6267   205833   55.27%
    636   570   107383.4241  1457   143401.0200    64143.6267   219693   55.27%
    683   649   111936.4266  1468   143401.0200    64143.6267   235800   55.27%
    735   625        cutoff         143401.0200    64143.6267   233939   55.27%
    771   689    64324.7961  3331   143401.0200    64143.6267   248504   55.27%
    793   749   119270.0457  1312   143401.0200    64143.6267   256190   55.27%
Elapsed time = 396.42 sec. (77119.65 ticks, tree = 51.74 MB, solutions = 9)
    820   770   127807.9929  1300   143401.0200    64143.6267   259849   55.27%
    850   768    74311.0412  2782   143401.0200    64143.6267   261843   55.27%
    877   841   135485.7016  1261   143401.0200    64143.6267   275190   55.27%
    905   873   138725.8510  1048   143401.0200    64143.6267   285918   55.27%
    936   881    77024.3010  2701   143401.0200    64143.6267   295651   55.27%
    945   884    77830.4103  2650   143401.0200    64143.6267   297238   55.27%
    963   890    81632.7210  2463   143401.0200    64143.6267   299312   55.27%
    977   927    65647.9152  3247   143401.0200    64143.6267   311003   55.27%
    986   940    83568.5167  2383   143401.0200    64143.6267   317047   55.27%
    992   950    66092.8235  3234   143401.0200    64143.6267   324258   55.27%
Elapsed time = 447.20 sec. (86943.75 ticks, tree = 64.02 MB, solutions = 9)
   1006   951    70251.5895  3116   143401.0200    64143.6267   326448   55.27%
   1020   954    66236.8513  3074   143401.0200    64143.6267   327688   55.27%
   1038   980    66491.4222  3045   143401.0200    64143.6267   346180   55.27%
   1053   969    72676.3345  2735   143401.0200    64143.6267   340428   55.27%
   1064  1009    69742.1353  2939   143401.0200    64143.6267   358524   55.27%
   1078  1013    68922.7835  2851   143401.0200    64143.6267   360485   55.27%
   1099  1028   113719.4324  2154   143401.0200    64143.6267   363171   55.27%
   1120  1045    70452.5711  2779   143401.0200    64143.6267   378634   55.27%
   1157  1074   122404.4180  2104   143401.0200    64143.6267   385897   55.27%
   1185  1093    83322.8369  2294   143401.0200    64143.6267   393454   55.27%
Elapsed time = 502.22 sec. (97358.88 ticks, tree = 74.18 MB, solutions = 9)
   1212  1103    84637.2196  2324   143401.0200    64143.6267   395454   55.27%
   1223  1097    85802.4682  2731   143401.0200    64143.6267   400731   55.27%

Performing restart 1

Repeating presolve.
Tried aggregator 1 time.
Reduced MIP has 8675 rows, 13660 columns, and 46564 nonzeros.
Reduced MIP has 7960 binaries, 5700 generals, 0 SOSs, and 0 indicators.
Presolve time = 0.06 sec. (23.96 ticks)
Tried aggregator 1 time.
Reduced MIP has 8675 rows, 13660 columns, and 46564 nonzeros.
Reduced MIP has 7960 binaries, 5700 generals, 0 SOSs, and 0 indicators.
Presolve time = 0.09 sec. (30.49 ticks)
Represolve time = 0.56 sec. (131.93 ticks)
   1236     0    66193.6243  3424   143401.0200    Cuts: 2268   452200   53.84%
   1236     0    68240.2464  3683   143401.0200    Cuts: 2268   458179   52.41%
   1236     0    69635.5727  3786   143401.0200    Cuts: 2268   463054   51.44%
*  1236+    0                       143121.6800    69635.5727            51.35%
   1236     0  -1.00000e+75     0   143121.6800    69635.5727   463054   51.35%
*  1236+    0                       142123.1600    69635.5727            51.00%
   1236     0    70967.8833  3821   142123.1600    Cuts: 2268   467600   50.07%
   1236     0    72132.2935  3686   142123.1600    Cuts: 2268   472049   49.25%
   1236     0    73285.0747  3905   142123.1600    Cuts: 2268   476512   48.44%
   1236     0    74106.5754  3921   142123.1600    Cuts: 2268   481120   47.86%
   1236     0    74637.8305  3995   142123.1600    Cuts: 2268   484961   47.48%
   1236     0    75258.7441  3983   142123.1600    Cuts: 2268   488687   47.05%
   1236     0    75876.0380  3855   142123.1600    Cuts: 2268   492970   46.61%
   1236     0    76862.4343  3903   142123.1600    Cuts: 2268   497500   45.92%
   1236     0    77463.5088  3979   142123.1600    Cuts: 2268   501333   45.50%
   1236     0    77986.4485  3913   142123.1600    Cuts: 2268   505996   45.13%
   1236     0    78245.9454  4029   142123.1600    Cuts: 2268   509313   44.94%
   1236     0    78513.1897  4148   142123.1600    Cuts: 2268   512375   44.76%
   1236     0    79030.9679  3947   142123.1600    Cuts: 2268   516319   44.39%
   1236     0    79316.9388  4060   142123.1600    Cuts: 2268   519814   44.19%
   1236     0    79452.3356  4162   142123.1600    Cuts: 2268   522121   44.10%
   1236     0    79706.0808  4168   142123.1600    Cuts: 2268   525182   43.92%
   1236     0    79870.9849  4146   142123.1600    Cuts: 2268   528089   43.80%
   1236     0    80091.1755  4179   142123.1600    Cuts: 2268   531122   43.65%
   1236     0    80316.7941  4090   142123.1600    Cuts: 2268   534141   43.49%
   1236     0    80490.9962  4027   142123.1600    Cuts: 2268   536726   43.37%
   1236     0    80612.4818  4131   142123.1600    Cuts: 2268   539133   43.28%
   1236     0    80723.6274  4281   142123.1600    Cuts: 2268   541563   43.20%
   1236     0    80856.9137  4163   142123.1600    Cuts: 2268   543821   43.11%
   1236     0    81052.8974  4104   142123.1600    Cuts: 2268   547116   42.97%
   1236     0    81192.9298  4178   142123.1600    Cuts: 2268   549567   42.87%
   1236     0    81314.4716  4218   142123.1600    Cuts: 2268   552020   42.79%
   1236     0    81386.0745  4215   142123.1600    Cuts: 2268   554025   42.74%
*  1236+    0                       139770.8500    81386.0745            41.77%
   1236     0    81606.7007  4224   139770.8500    Cuts: 2268   557071   41.61%
*  1236+    0                       139666.8600    81606.7007            41.57%
*  1236+    0                       137546.2400    81606.7007            40.67%
   1236     0    81732.6199  4214   137546.2400    Cuts: 2268   559650   40.58%
*  1236+    0                       137541.6000    81732.6199            40.58%
   1236     0    81843.4225  4182   137541.6000    Cuts: 2268   561883   40.50%
   1236     0    82007.2102  4215   137541.6000    Cuts: 2268   563931   40.38%
   1236     0    82102.1005  4202   137541.6000    Cuts: 2268   565751   40.31%
   1236     0    82248.4536  4166   137541.6000    Cuts: 2268   567881   40.20%
   1236     0    82363.5746  4235   137541.6000    Cuts: 2268   570528   40.12%
   1236     0    82444.5048  4213   137541.6000    Cuts: 2268   572624   40.06%
   1236     0    82515.0689  4235   137541.6000    Cuts: 2268   574329   40.01%
   1236     0    82644.0314  4239   137541.6000    Cuts: 2268   577453   39.91%
   1236     0    82738.1067  4138   137541.6000    Cuts: 2268   579693   39.85%
   1236     0    82835.8123  4192   137541.6000    Cuts: 2268   582093   39.77%
   1236     0    82930.8911  4214   137541.6000    Cuts: 2268   584422   39.70%
   1236     0    82973.2596  4210   137541.6000    Cuts: 2268   586134   39.67%
   1236     0    83068.5000  4199   137541.6000    Cuts: 2268   588312   39.60%
   1236     0    83139.6319  4207   137541.6000    Cuts: 2268   590555   39.55%
   1236     0    83201.7410  4185   137541.6000    Cuts: 2268   592695   39.51%
   1236     0    83257.8367  4235   137541.6000    Cuts: 2268   594808   39.47%
   1236     0    83295.0418  4258   137541.6000    Cuts: 2268   596372   39.44%
   1236     0    83363.3884  4221   137541.6000    Cuts: 2126   598815   39.39%
   1236     0    83415.5100  4203   137541.6000    Cuts: 2268   600915   39.35%
   1236     0    83448.1651  4193   137541.6000    Cuts: 2268   602476   39.33%
   1236     0    83480.5572  4073   137541.6000    Cuts: 2268   604397   39.31%
   1236     0    83497.1104  4218   137541.6000    Cuts: 2268   605654   39.29%
   1236     0    83550.0312  4078   137541.6000    Cuts: 2268   607984   39.25%
   1236     0    83564.3562  4247   137541.6000    Cuts: 2268   609141   39.24%
   1236     0    83633.0408  4139   137541.6000    Cuts: 2159   611870   39.19%
   1236     0    83640.3465  4275   137541.6000    Cuts: 2268   612950   39.19%
*  1236+    0                       137428.8900    83640.3465            39.14%
*  1236+    0                       137324.9000    83640.3465            39.09%
   1236     0  -1.00000e+75     0   137324.9000    83640.3465   612950   39.09%
   1236     2    83640.3465  4045   137324.9000    83640.3465   612950   39.09%
   1238     4    83645.2370  3955   137324.9000    83645.4182   613232   39.09%
   1241     7    83649.1880  3985   137324.9000    83646.6992   613442   39.09%
   1243     8    83712.3436  3877   137324.9000    83646.6992   614109   39.09%
   1250    13    84163.7125  3682   137324.9000    83646.6992   618701   39.09%
   1263    21    86991.1645  3707   137324.9000    83646.6992   621298   39.09%
   1270    32    84299.8444  3763   137324.9000    83646.6992   624315   39.09%
   1277    42    87096.7352  3600   137324.9000    83646.6992   627606   39.09%
Elapsed time = 1615.94 sec. (323531.76 ticks, tree = 2.76 MB, solutions = 17)
   1282    47    83980.6124  3742   137324.9000    83646.6992   631696   39.09%
   1284    49    84566.2818  3687   137324.9000    83646.6992   633576   39.09%
   1286    51    83847.6903  3718   137324.9000    83646.6992   635273   39.09%
   1297    56    84058.2593  3607   137324.9000    83646.6992   637832   39.09%
   1302    67    87843.3457  3438   137324.9000    83646.6992   642443   39.09%
   1307    68    83993.7398  3697   137324.9000    83646.6992   644684   39.09%
   1312    69    84455.8887  3582   137324.9000    83646.6992   646290   39.09%
   1314     3    84852.4224  3675   137324.9000    83646.6992   615671   39.09%
   1318    82    85119.9195  3931   137324.9000    83646.6992   664854   39.09%
   1322    85    84705.3679  3893   137324.9000    83646.6992   676793   39.09%
Elapsed time = 1729.86 sec. (343561.10 ticks, tree = 3.96 MB, solutions = 17)
   1325    86    84843.0498  3879   137324.9000    83646.6992   679135   39.09%
   1329    89    88205.1365  3686   137324.9000    83646.6992   686271   39.09%
   1336    88    86323.1746  3787   137324.9000    83646.6992   682395   39.09%
   1345    99    88601.9280  3830   137324.9000    83646.6992   715747   39.09%
   1352    98    88207.2223  3693   137324.9000    83646.6992   705131   39.09%
   1360   111    88860.6401  3687   137324.9000    83646.6992   728834   39.09%
   1368   125    86586.6675  3956   137324.9000    83646.6992   741687   39.09%
   1373   118    85491.9965  3835   137324.9000    83646.6992   736561   39.09%
   1386   135    86831.1468  3758   137324.9000    83646.6992   744138   39.09%
   1392   130    86787.7636  3891   137324.9000    83646.6992   746829   39.09%
Elapsed time = 1798.52 sec. (355885.65 ticks, tree = 7.64 MB, solutions = 17)
   1395   138    88529.8005  3589   137324.9000    83646.6992   751648   39.09%
   1399   140    88881.4576  3601   137324.9000    83646.6992   753275   39.09%
   1410   149    87372.2595  3850   137324.9000    83646.6992   757542   39.09%
   1415   151    88628.4753  3867   137324.9000    83646.6992   759351   39.09%
   1418   158    89242.7809  3596   137324.9000    83646.6992   766348   39.09%
   1423   154    87802.5562  3775   137324.9000    83646.6992   761144   39.09%
   1434   163    85757.1474  3951   137324.9000    83646.6992   772182   39.09%
   1440   184    89351.3292  3640   137324.9000    83646.6992   783234   39.09%
   1445   187    89108.5099  3654   137324.9000    83646.6992   784985   39.09%
   1463   203    90289.6665  3686   137324.9000    83646.6992   799279   39.09%
Elapsed time = 1875.73 sec. (369509.75 ticks, tree = 14.16 MB, solutions = 17)
   1488   232    89352.8574  3589   137324.9000    83646.6992   812656   39.09%
   1506   247    84939.1383  3851   137324.9000    83646.6992   820231   39.09%
   1534   267    89835.1829  3630   137324.9000    83646.6992   834007   39.09%
   1559   286    87674.4831  3750   137324.9000    83646.6992   842619   39.09%
   1593   305    90118.9668  3726   137324.9000    83646.6992   852509   39.09%
   1633   345    87696.9274  3772   137324.9000    83646.6992   882916   39.09%
   1662   407    85165.9325  3785   137324.9000    83646.6992   915947   39.09%
   1708   395    88267.2378  3732   137324.9000    83646.6992   911018   39.09%
   1755   434    85796.7012  3720   137324.9000    83646.6992   927113   39.09%
   1790   515    85838.8511  3721   137324.9000    83646.6992   963325   39.09%
Elapsed time = 2078.66 sec. (408368.44 ticks, tree = 42.52 MB, solutions = 17)
   1838   576    88976.5927  3564   137324.9000    83646.6992   996509   39.09%
   1885   596    86135.9451  3629   137324.9000    83646.6992  1013975   39.09%
   1920   605    87579.3615  3663   137324.9000    83646.6992  1020914   39.09%
   1944   628    88268.5516  3671   137324.9000    83646.6992  1026824   39.09%
   1970   712    90294.2896  3522   137324.9000    83646.6992  1082992   39.09%
   2001   730    89458.9085  3524   137324.9000    83646.6992  1100559   39.09%
   2030   755    93353.3958  3600   137324.9000    83646.6992  1112465   39.09%
   2045   767    89220.8428  3500   137324.9000    83646.6992  1120064   39.09%
   2059   784   101669.4541  3579   137324.9000    83646.6992  1129907   39.09%
   2089   808    90307.5286  3544   137324.9000    83646.6992  1141252   39.09%
Elapsed time = 2289.81 sec. (448685.07 ticks, tree = 71.08 MB, solutions = 17)
   2117   843    89508.6253  3693   137324.9000    83646.6992  1160348   39.09%
   2150   830   110623.7539  3328   137324.9000    83646.6992  1151814   39.09%
   2187   883    90323.3226  3385   137324.9000    83646.6992  1179978   39.09%
   2237   915   112907.9199  3320   137324.9000    83646.6992  1191916   39.09%
   2280   939    89893.0141  3687   137324.9000    83646.6992  1203826   39.09%
   2313   977    90555.4865  3421   137324.9000    83646.6992  1232273   39.09%
   2334  1061    90693.6256  3360   137324.9000    83646.6992  1268506   39.09%
   2361  1078    90455.9235  3305   137324.9000    83646.6992  1274117   39.09%
   2382  1116    90148.3131  3340   137324.9000    83646.6992  1299565   39.09%
   2408  1135    93877.1082  3554   137324.9000    83646.6992  1314695   39.09%
Elapsed time = 2512.31 sec. (489969.22 ticks, tree = 102.23 MB, solutions = 17)
   2432  1158    92030.5028  3352   137324.9000    83646.6992  1337846   39.09%
   2463  1203    85100.0879  3998   137324.9000    83646.6992  1371423   39.09%
   2483  1230    91954.0548  3432   137324.9000    83646.6992  1399889   39.09%
   2515  1225    90904.1668  3421   137324.9000    83646.6992  1395841   39.09%
   2533  1242    95981.2125  3428   137324.9000    83646.6992  1407469   39.09%
   2568  1286    93787.6453  3403   137324.9000    83646.6992  1454677   39.09%
   2591  1303    91214.8927  3769   137324.9000    83646.6992  1460207   39.09%
   2626  1317    93281.4369  3601   137324.9000    83646.6992  1466653   39.09%
   2656  1347    91401.0697  3281   137324.9000    83646.6992  1497265   39.09%
   2695  1428    94309.4151  3373   137324.9000    83646.6992  1551333   39.09%
Elapsed time = 2728.83 sec. (529996.31 ticks, tree = 128.00 MB, solutions = 17)
   2746  1438    95913.2742  3536   137324.9000    83646.6992  1557566   39.09%
   2782  1499    91710.9363  3249   137324.9000    83646.6992  1593824   39.09%
   2823  1540    96378.0278  3438   137324.9000    83646.6992  1612584   39.09%
   2847  1548    97686.7827  3379   137324.9000    83646.6992  1618568   39.09%
   2887  1582    92141.3255  3713   137324.9000    83646.6992  1632113   39.09%
   2914  1591    92425.8475  3669   137324.9000    83646.6992  1638057   39.09%
   2948  1651    93068.2092  3306   137324.9000    83646.6992  1668819   39.09%
   2975  1669    95090.8598  3308   137324.9000    83646.6992  1675478   39.09%
   3018  1717    90779.2076  3517   137324.9000    83646.6992  1703541   39.09%
   3063  1760    93321.2625  3266   137324.9000    83646.6992  1717976   39.09%
Elapsed time = 2935.22 sec. (569093.92 ticks, tree = 160.86 MB, solutions = 17)
   3103  1724    94615.0339  3662   137324.9000    83646.6992  1708844   39.09%
   3129  1825    93312.8778  3262   137324.9000    83646.6992  1761968   39.09%
   3174  1854    92870.3596  3633   137324.9000    83646.6992  1784472   39.09%
   3238  1871    93069.6173  3599   137324.9000    83646.6992  1790445   39.09%
   3301  1913    92687.9761  3284   137324.9000    83646.6992  1826199   39.09%
   3353  2010   132719.0156  3181   137324.9000    83646.6992  1862777   39.09%
   3402  2048    93166.3412  3253   137324.9000    83646.6992  1882221   39.09%
   3448  2108    93666.1514  3471   137324.9000    83646.6992  1910625   39.09%
   3507  2124    94153.8198  3515   137324.9000    83646.6992  1916636   39.09%
   3540  2246    95080.3883  3459   137324.9000    83646.6992  1969050   39.09%
Elapsed time = 3124.39 sec. (608199.07 ticks, tree = 208.62 MB, solutions = 17)
   3575  2258    95286.5397  3464   137324.9000    83646.6992  1975115   39.09%
   3624  2299   118709.2297  3306   137324.9000    83646.6992  1999047   39.09%
   3667  2323    99942.2242  3334   137324.9000    83646.6992  2013496   39.09%
   3718  2361   117776.7938  3307   137324.9000    83646.6992  2022831   39.09%
   3796  2395   118762.8149  3035   137324.9000    83646.6992  2028156   39.09%
   3866  2470    98690.7596  3065   137324.9000    83646.6992  2060401   39.09%
   3946  2540   126116.8369  2956   137324.9000    83646.6992  2074497   39.09%
   3995  2686    97687.9972  3188   137324.9000    83646.6992  2127925   39.09%
   4042  2707    98899.0785  3075   137324.9000    83646.6992  2134692   39.09%
   4076  2740    86004.6740  4169   137324.9000    83646.6992  2161413   39.09%
Elapsed time = 3308.88 sec. (647300.32 ticks, tree = 254.51 MB, solutions = 17)
   4150  2765   128115.0744  2929   137324.9000    83646.6992  2157980   39.09%
   4228  2854    99407.0048  3057   137324.9000    83646.6992  2193610   39.09%
   4285  2809    98975.0413  3233   137324.9000    83646.6992  2188089   39.09%
   4344  2998   104987.3722  3044   137324.9000    83646.6992  2254457   39.09%
   4397  2931   100184.1302  3087   137324.9000    83646.6992  2246690   39.09%
   4419  3095    99488.7059  3110   137324.9000    83646.6992  2303938   39.09%
   4455  3144   106477.9053  2982   137324.9000    83646.6992  2314048   39.09%
   4495  3169   108650.5920  2966   137324.9000    83646.6992  2319378   39.09%
   4533  3153    91273.1969  3835   137324.9000    83646.6992  2342059   39.09%
   4561  3238   109026.7582  3017   137324.9000    83646.6992  2359848   39.09%
Elapsed time = 3499.81 sec. (686720.48 ticks, tree = 306.40 MB, solutions = 17)
   4602  3272    92814.3251  3837   137324.9000    83646.6992  2398889   39.09%
   4625  3323   109470.4850  2942   137324.9000    83646.6992  2411664   39.09%
   4687  3359   110941.0970  2797   137324.9000    83646.6992  2418521   39.09%
   4765  3393    93529.8883  3789   137324.9000    83646.6992  2447900   39.09%
   4790  3398   101773.4353  3095   137324.9000    83646.6992  2438025   39.09%
   4834  3487   122157.3567  2814   137324.9000    83646.6992  2464701   39.09%
   4874  3534   103188.3389  3010   137324.9000    83646.6992  2502208   39.09%
   4940  3556   103478.5665  2964   137324.9000    83646.6992  2508638   39.09%
   5022  3576   103678.3961  2983   137324.9000    83646.6992  2515274   39.09%
*  5066+ 3578                       136562.4200    83646.6992            38.75%
   5070  3686   103724.6415  3032   136562.4200    83646.6992  2559597   38.75%
Elapsed time = 3690.03 sec. (725674.86 ticks, tree = 353.84 MB, solutions = 18)
   5110  3697   103903.6050  2970   136562.4200    83646.6992  2566200   38.75%
   5148  3723   104111.5156  2953   136562.4200    83646.6992  2572625   38.75%
   5178  3738   107606.7877  2941   136562.4200    83663.8456  2579401   38.74%
   5228  3859   112519.0413  2999   136562.4200    83663.8456  2647396   38.74%
   5298  3912   116316.9837  2940   136562.4200    83663.8456  2653386   38.74%
   5362  3878    95242.7303  3553   136562.4200    83663.8456  2669557   38.74%
   5413  4046   120706.9140  2798   136562.4200    83663.8456  2715808   38.74%
   5499  4111   130547.9895  2771   136562.4200    83663.8456  2722175   38.74%
   5539  4077    88870.8393  3843   136562.4200    83663.8456  2769415   38.74%
   5550  4083    89557.8431  3782   136562.4200    83663.8456  2775544   38.74%
Elapsed time = 3886.48 sec. (765389.92 ticks, tree = 395.73 MB, solutions = 18)
   5570  4089    93552.3882  3727   136562.4200    83720.1468  2782208   38.69%
   5597  4079    94581.9400  3473   136562.4200    83720.1468  2768218   38.69%
   5635  4222    97215.4183  3464   136562.4200    83720.1468  2809085   38.69%
   5664  4237    96935.6943  3440   136562.4200    83720.1468  2815132   38.69%
   5702  4255    86623.3645  4002   136562.4200    83720.1468  2865841   38.69%
   5744  4327    97590.0742  3365   136562.4200    83720.1468  2885645   38.69%
   5779  4341    99437.3445  3337   136562.4200    83720.1468  2891675   38.69%
   5805  4345    96902.4800  3423   136562.4200    83720.1468  2915307   38.69%
   5827  4446    95522.8265  3535   136562.4200    83720.1468  2982977   38.69%
   5866  4380    91037.2563  3889   136562.4200    83720.1468  2956935   38.69%
Elapsed time = 4073.52 sec. (805281.30 ticks, tree = 426.91 MB, solutions = 18)
   5904  4488    99464.9652  3357   136562.4200    83720.1468  3009691   38.69%
   5947  4552    96102.0159  3486   136562.4200    83720.1468  3055900   38.69%
   5976  4537    99771.9979  3295   136562.4200    83720.1468  3046660   38.69%
   6007  4589    87112.5403  4122   136562.4200    83720.1468  3085661   38.69%
   6036  4604    98623.3050  3311   136562.4200    83720.1468  3074338   38.69%
   6068  4605    90890.5232  3793   136562.4200    83720.1468  3106121   38.69%
   6101  4677   102087.3985  3338   136562.4200    83720.1468  3126256   38.69%
   6160  4710   101003.1744  3179   136562.4200    83720.1468  3140683   38.69%
   6226  4744   101267.1401  3222   136562.4200    83720.1468  3146844   38.69%
   6303  4737    93810.0208  3802   136562.4200    83720.1468  3169304   38.69%
Elapsed time = 4250.45 sec. (843961.96 ticks, tree = 464.10 MB, solutions = 18)
   6349  4900   103798.8718  3129   136562.4200    83720.1468  3222874   38.69%
   6384  4934    95903.1250  3664   136562.4200    83720.1468  3247097   38.69%
   6451  4947   100079.7065  3653   136562.4200    83720.1468  3253062   38.69%
   6505  4965    95405.9002  3677   136562.4200    83720.1468  3278043   38.69%
   6559  5053   102441.1471  3191   136562.4200    83720.1468  3293775   38.69%
   6619  5148   105229.1857  3604   136562.4200    83720.1468  3327126   38.69%
   6679  5218    93540.4676  3745   136562.4200    83720.1468  3361065   38.69%
   6754  5287   107521.9950  2905   136562.4200    83720.1468  3383716   38.69%
   6827  5308   108341.2711  2950   136562.4200    83720.1468  3390641   38.69%
   6873  5343   108188.7999  2877   136562.4200    83720.1468  3397173   38.69%
Elapsed time = 4428.41 sec. (882765.56 ticks, tree = 527.84 MB, solutions = 18)
   6920  5364   109109.9980  2929   136562.4200    83720.1468  3401295   38.69%
   6972  5567   109412.7356  2896   136562.4200    83720.1468  3468866   38.69%
   7034  5579    90788.5061  3879   136562.4200    83720.1468  3490788   38.69%
   7095  5553   106247.5683  3057   136562.4200    83720.1468  3461581   38.69%
   7152  5599    92849.6137  3844   136562.4200    83720.1468  3503017   38.69%
   7188  5717   111034.8307  2953   136562.4200    83720.1468  3518123   38.69%
   7234  5827   110756.5353  2875   136562.4200    83720.1468  3582635   38.69%
   7279  5776    96100.5771  3854   136562.4200    83720.1468  3567328   38.69%
   7349  5868   101911.7174  3506   136562.4200    83720.1468  3592242   38.69%
   7438  5919   134963.7476  2896   136562.4200    83720.1468  3601519   38.69%
Elapsed time = 4609.39 sec. (921858.99 ticks, tree = 588.51 MB, solutions = 18)
   7517  5916    99495.2157  3879   136562.4200    83720.1468  3619047   38.69%
   7558  6058   126814.8137  2795   136562.4200    83720.1468  3652021   38.69%
   7605  5949   103710.8273  3815   136562.4200    83720.1468  3630963   38.69%
   7660  6068   100408.6734  3337   136562.4200    83720.1468  3670314   38.69%
   7701  6087   101642.7313  3240   136562.4200    83720.1468  3677490   38.69%
   7727  6305   131442.6180  2623   136562.4200    83720.1468  3755558   38.69%
   7765  6134   104863.5425  3730   136562.4200    83720.1468  3690469   38.69%
   7799  6090   101083.2267  3241   136562.4200    83720.1468  3678603   38.69%
   7852  6354   102718.7872  3195   136562.4200    83720.1468  3771873   38.69%
   7889  6374   102237.9432  3299   136562.4200    83720.1468  3778107   38.69%
Elapsed time = 4792.81 sec. (961920.59 ticks, tree = 636.95 MB, solutions = 18)
   7936  6395   101985.7767  3210   136562.4200    83720.1468  3784128   38.69%
   7971  6458    86554.9714  4127   136562.4200    83720.1468  3840702   38.69%
   7993  6553   102460.0325  3144   136562.4200    83791.6829  3871348   38.64%
   8031  6472    88484.5339  3969   136562.4200    83791.6829  3852224   38.64%
   8065  6605   103822.2237  3077   136562.4200    83791.6829  3883873   38.64%
   8085  6617   103625.7805  2962   136562.4200    83791.6829  3890362   38.64%
   8138  6733   107629.9984  3010   136562.4200    83791.6829  3966185   38.64%
   8198  6775   107572.3779  2901   136562.4200    83791.6829  3972495   38.64%
   8256  6819   108661.6143  2985   136562.4200    83791.6829  3978896   38.64%
   8336  6883   126395.5176  2862   136562.4200    83791.6829  3984998   38.64%
Elapsed time = 4973.02 sec. (1001177.34 ticks, tree = 691.94 MB, solutions = 18)
   8382  6984   127437.9945  2776   136562.4200    83791.6829  4057042   38.64%
   8412  7009   129393.9051  2816   136562.4200    83791.6829  4060766   38.64%
   8452  7047   130560.0831  2830   136562.4200    83791.6829  4067230   38.64%
   8489  7071   131333.8090  2661   136562.4200    83791.6829  4073963   38.64%
   8543  7103   130680.0812  2704   136562.4200    83791.6829  4080546   38.64%
   8579  7166   130745.3012  2693   136562.4200    83791.6829  4147662   38.64%
   8617  7173    89418.7812  3974   136562.4200    83791.6829  4168263   38.64%
   8662  7218   132390.3755  2609   136562.4200    83791.6829  4161932   38.64%
   8723  7266   134160.8700  2531   136562.4200    83791.6829  4168618   38.64%
   8786  7180    87229.9322  4104   136562.4200    83791.6829  4203941   38.64%
Elapsed time = 5152.38 sec. (1040101.64 ticks, tree = 723.28 MB, solutions = 18)
   8808  7206    93274.0258  3854   136562.4200    83791.6829  4191878   38.64%
   8831  7359    93678.8306  3911   136562.4200    83791.6829  4283190   38.64%
   8859  7367    97334.8930  3909   136562.4200    84218.0284  4289204   38.33%
   8881  7394    89537.9170  3962   136562.4200    84218.0284  4310111   38.33%
   8909  7381    98869.5752  3778   136562.4200    84218.0284  4300761   38.33%
   8938  7439    90870.7641  3931   136562.4200    84218.0284  4346281   38.33%
   8967  7454    92082.2431  3860   136562.4200    84218.0284  4351888   38.33%
   8997  7461    92720.3402  3875   136562.4200    84218.0284  4357762   38.33%
   9027  7480   101546.1109  3737   136562.4200    84218.0284  4379915   38.33%
   9070  7530    95646.3804  3793   136562.4200    84218.0284  4449411   38.33%
Elapsed time = 5328.72 sec. (1079057.88 ticks, tree = 761.15 MB, solutions = 18)
   9113  7630   103311.3588  3578   136562.4200    84218.0284  4493656   38.33%
   9147  7556    99329.4415  3769   136562.4200    84218.0284  4460820   38.33%
   9164  7636    86434.0163  4349   136562.4200    84270.3415  4505890   38.29%
   9172  7685   105315.2803  3512   136562.4200    84270.3415  4520505   38.29%
   9199  7726    99175.3754  3449   136562.4200    84270.3415  4567089   38.29%
   9247  7745    99823.6015  3611   136562.4200    84270.3415  4573072   38.29%
   9271  7761   100851.4124  3649   136562.4200    84270.3415  4578798   38.29%
   9301  7777   101555.4685  3500   136562.4200    84270.3415  4584611   38.29%
   9339  7803   102879.0579  3526   136562.4200    84270.3415  4590403   38.29%
   9384  7809    87787.2624  4057   136562.4200    84300.0248  4624382   38.27%
Elapsed time = 5508.41 sec. (1118835.18 ticks, tree = 791.64 MB, solutions = 18)
   9411  7812    90454.7116  4025   136562.4200    84300.0248  4629920   38.27%
   9431  7815    92234.1500  4027   136562.4200    84300.0248  4635705   38.27%
   9458  7821    91089.8646  3983   136562.4200    84550.1081  4641345   38.09%
   9477  7955    91211.3926  3969   136562.4200    84550.1081  4730193   38.09%
   9501  7988   106597.1166  3806   136562.4200    84550.5765  4699780   38.09%
   9529  8009    91508.4368  4133   136562.4200    84550.5765  4768264   38.09%
   9552  8073    89227.0994  4327   136562.4200    84550.5765  4823435   38.09%
   9578  8109   115291.4607  3711   136562.4200    84550.5765  4805489   38.09%
   9612  8132   115981.5681  3662   136562.4200    84550.5765  4811174   38.09%
   9633  7964    92872.2136  3940   136562.4200    84550.5765  4743225   38.09%
Elapsed time = 5691.20 sec. (1158128.04 ticks, tree = 808.63 MB, solutions = 18)
   9654  8132   101813.5220  3943   136562.4200    84550.5765  4887909   38.09%
   9680  8139   102848.2656  3968   136562.4200    84569.7184  4893668   38.07%
   9709  8219    87169.1885  4278   136562.4200    84569.7184  4930849   38.07%
   9747  8112    97833.1574  4057   136562.4200    84569.7184  4867486   38.07%
   9784  8236    88608.8205  4144   136562.4200    84569.7184  4942068   38.07%
   9824  8246    89378.3016  4168   136562.4200    84569.7184  4947676   38.07%
   9852  8387    90022.7547  4094   136562.4200    84569.7184  5042660   38.07%
   9877  8398    90679.6349  4048   136562.4200    84569.7184  5048340   38.07%
   9903  8406    93164.5006  4009   136562.4200    84569.7184  5054614   38.07%
   9933  8417    93779.9499  4051   136562.4200    84569.7184  5060324   38.07%
Elapsed time = 5874.42 sec. (1197662.07 ticks, tree = 858.17 MB, solutions = 18)
   9977  8463    98524.2834  3478   136562.4200    84569.7184  5105206   38.07%
  10026  8491    94971.9084  4017   136562.4200    84569.7184  5135788   38.07%
  10061  8485   100052.6174  3417   136562.4200    84569.7184  5117172   38.07%
  10116  8502    99909.1978  3455   136562.4200    84569.7184  5123238   38.07%
  10166  8599   104106.5087  3718   136562.4200    84569.7184  5178887   38.07%
  10222  8526   100985.3660  4005   136562.4200    84569.7184  5159115   38.07%
  10265  8602   113614.0337  3471   136562.4200    84569.7184  5200646   38.07%
  10300  8618   113104.9910  3461   136562.4200    84569.7184  5206543   38.07%
  10340  8631   114240.6662  3336   136562.4200    84569.7184  5212666   38.07%
  10372  8755   105042.5772  3798   136562.4200    84569.7184  5276862   38.07%
Elapsed time = 6058.56 sec. (1236917.80 ticks, tree = 895.60 MB, solutions = 18)
  10397  8772   107795.5019  3819   136562.4200    84569.7184  5282630   38.07%
  10438  8797   108928.1539  3770   136562.4200    84705.4934  5288098   37.97%
  10470  8837    89256.1566  3994   136562.4200    84705.4934  5317051   37.97%
  10507  8901    88257.2603  4235   136562.4200    84705.4934  5357451   37.97%
  10529  9026    90619.3854  3984   136562.4200    84705.4934  5412503   37.97%
  10558  9039    91200.3650  3962   136562.4200    84705.4934  5418143   37.97%
  10589  9049    93786.1642  3950   136562.4200    84705.4934  5423987   37.97%
  10624  9063    94626.1215  3976   136562.4200    84872.3837  5429676   37.85%
  10657  9073    96492.3337  3876   136562.4200    84872.3837  5435391   37.85%
  10692  9088   103182.4889  3789   136562.4200    84872.3837  5441209   37.85%
Elapsed time = 6240.61 sec. (1276021.15 ticks, tree = 932.55 MB, solutions = 18)
  10741  9221   105792.0822  3716   136562.4200    84872.3837  5541811   37.85%
  10793  9080    91627.3425  3917   136562.4200    84872.3837  5466056   37.85%
  10846  9090    92383.8508  3907   136562.4200    84872.3837  5471960   37.85%
  10894  9283   112981.1879  3456   136562.4200    84872.3837  5559500   37.85%
  10931  9345   102758.3249  3589   136562.4200    84872.3837  5614161   37.85%
  10963  9360   108968.5124  3582   136562.4200    84872.3837  5619800   37.85%
  11001  9398   102275.6366  3843   136562.4200    84872.3837  5655861   37.85%
  11060  9287    96471.9763  3784   136562.4200    84872.3837  5590416   37.85%
  11099  9431   104420.0023  3577   136562.4200    84872.3837  5667287   37.85%
  11138  9516   102931.1620  3560   136562.4200    84872.3837  5691888   37.85%
Elapsed time = 6421.00 sec. (1314617.13 ticks, tree = 979.65 MB, solutions = 18)
  11187  9611   128275.4678  3385   136562.4200    84873.8117  5729598   37.85%
  11210  9456    88209.3983  4271   136562.4200    84873.8117  5683349   37.85%
  11219  9686    90103.4743  4009   136562.4200    84873.8117  5775842   37.85%
  11247  9552   109642.4456  3455   136562.4200    84934.9901  5703045   37.81%
  11282  9753   110167.5330  3456   136562.4200    84934.9901  5809454   37.81%
  11299  9838    93285.5897  3889   136562.4200    84934.9901  5874267   37.81%
  11313  9846    93674.9209  3960   136562.4200    84934.9901  5880769   37.81%
  11323  9849    96604.7324  3839   136562.4200    84940.8974  5886483   37.80%
  11342  9764    87338.4067  4356   136562.4200    84940.8974  5829723   37.80%
  11371  9868    97622.7169  3773   136562.4200    84940.8974  5898145   37.80%
Elapsed time = 6611.84 sec. (1354714.86 ticks, tree = 1014.33 MB, solutions = 18)
  11389  9813    90003.1406  4252   136562.4200    84940.8974  5869676   37.80%
  11415  9956    99125.8249  3644   136562.4200    84941.8548  6010045   37.80%
  11442  9901    89982.5946  4040   136562.4200    84941.8548  5951901   37.80%
  11475  9987   100025.3512  3644   136562.4200    84941.8548  6021358   37.80%
  11506 10009   100417.3133  3714   136562.4200    84941.8548  6026988   37.80%
  11547 10036   101042.9937  3600   136562.4200    84941.8548  6032748   37.80%
  11576  9924    96334.2802  3904   136562.4200    84941.8548  5975292   37.80%
  11612 10018    97376.5375  3783   136562.4200    84941.8548  6083147   37.80%
  11634 10036    91824.5477  4149   136562.4200    84941.8548  6120177   37.80%
  11653 10040   100549.2830  3809   136562.4200    84941.8548  6095352   37.80%
Elapsed time = 6803.20 sec. (1394591.06 ticks, tree = 1024.32 MB, solutions = 18)
  11680 10001    95004.1711  3866   136562.4200    84941.8548  6071991   37.80%
  11704 10069   103051.6055  3671   136562.4200    84942.6841  6106903   37.80%
  11733 10082   104096.3348  3658   136562.4200    84942.6841  6112803   37.80%
  11761 10189    96498.2854  3659   136562.4200    84942.6841  6198217   37.80%
  11782 10172    90625.7692  4051   136562.4200    84942.6841  6176386   37.80%
  11813 10296   100485.1417  3847   136562.4200    84942.6841  6269288   37.80%
  11841 10332    94545.0603  3949   136562.4200    84942.6841  6301740   37.80%
  11892 10211   100138.0420  3899   136562.4200    84942.6841  6219470   37.80%
  11911 10319   114069.4471  3612   136562.4200    84942.6841  6252878   37.80%
  11934 10357    99899.6749  3775   136562.4200    84942.6841  6317676   37.80%
Elapsed time = 6989.08 sec. (1433837.88 ticks, tree = 1059.65 MB, solutions = 18)
  11960 10384   101619.2472  3649   136562.4200    84942.6841  6349048   37.80%
  11998 10431    88044.3419  4209   136562.4200    84942.6841  6380244   37.80%
  12035 10397   103485.2120  3611   136562.4200    84942.6841  6334968   37.80%
  12064 10543   104165.9626  3576   136562.4200    84942.6841  6447999   37.80%
  12113 10567   105199.1147  3701   136562.4200    84942.6841  6453529   37.80%
  12180 10602   105699.5452  3627   136562.4200    84942.6841  6459048   37.80%
  12218 10615   108195.3921  3648   136562.4200    84942.6841  6464895   37.80%
  12245 10518   107909.5850  3577   136562.4200    84942.6841  6446565   37.80%
  12268 10609    88092.7217  4477   136562.4200    84944.6707  6502144   37.80%
  12296 10613    88997.7795  4313   136562.4200    84944.6707  6507888   37.80%
Elapsed time = 7171.83 sec. (1472729.43 ticks, tree = 1087.86 MB, solutions = 18)
  12332 10666   100432.2181  3917   136562.4200    84944.6707  6540963   37.80%
  12377 10726   107434.4143  3685   136562.4200    84944.6707  6581900   37.80%
  12405 10825    90646.1513  4168   136562.4200    84944.6707  6640433   37.80%
  12439 10835    91097.2972  4091   136562.4200    84944.6707  6646064   37.80%
  12470 10844    91882.5043  3905   136562.4200    84944.6707  6651721   37.80%
  12523 10818    94283.2809  3875   136562.4200    84969.1580  6630541   37.78%
  12569 10973   112106.6425  3541   136562.4200    84969.1580  6691093   37.78%
  12592 10988    90361.6610  4005   136562.4200    84969.1580  6727030   37.78%
  12621 10868   107143.4033  3882   136562.4200    84969.1580  6675106   37.78%
  12661 11047   100560.2645  3599   136562.4200    84969.1580  6766039   37.78%
Elapsed time = 7353.50 sec. (1511336.12 ticks, tree = 1135.79 MB, solutions = 18)
  12703 10988    89148.0895  4190   136562.4200    84969.1580  6710268   37.78%
  12736 11101   109682.4726  3692   136562.4200    84970.6171  6806578   37.78%
  12790 11095   109516.2132  3533   136562.4200    84970.6171  6783729   37.78%
  12844 11113   111367.7333  3490   136562.4200    84970.6171  6789620   37.78%
  12905 11160   114936.6935  3652   136562.4200    84970.6171  6823747   37.78%
  12984 11228   106441.5946  3733   136562.4200    84970.6171  6890108   37.78%
  13001 11184    97694.6556  3797   136562.4200    84970.6171  6860587   37.78%
  13035 11198   101011.5307  3822   136562.4200    84975.0699  6866278   37.78%
  13069 11495   102198.0999  3758   136562.4200    84975.0699  7000095   37.78%
  13117 11580   111101.4477  3682   136562.4200    84975.0699  7041941   37.78%
Elapsed time = 7540.80 sec. (1551070.60 ticks, tree = 1195.26 MB, solutions = 18)
  13170 11526   104631.6524  3802   136562.4200    84975.0699  7011691   37.78%
  13223 11547   106373.2291  3710   136562.4200    84976.5124  7017441   37.77%
  13255 11570   107316.2080  3631   136562.4200    84976.5124  7023277   37.77%
  13303 11607   108037.3984  3429   136562.4200    84976.5124  7028841   37.77%
  13321 11472    95006.2850  4008   136562.4200    84976.5124  6993479   37.77%
  13335 11664    95693.5298  3943   136562.4200    84976.5124  7119411   37.77%
  13355 11676    96385.6610  3839   136562.4200    84980.8333  7125633   37.77%
  13383 11690    97407.9109  3750   136562.4200    84980.8333  7131591   37.77%
  13413 11856    86355.7234  4564   136562.4200    84980.8674  7187506   37.77%
  13441 11717    98765.3464  3643   136562.4200    84980.8674  7143478   37.77%
Elapsed time = 7725.73 sec. (1590224.79 ticks, tree = 1210.61 MB, solutions = 18)
  13470 11896    93376.5095  3891   136562.4200    84980.8674  7233021   37.77%
  13503 11752   103255.7444  3540   136562.4200    84980.8674  7155087   37.77%
  13551 12010   103808.4349  3488   136562.4200    84980.8674  7264117   37.77%
  13599 11915    95328.1995  3824   136562.4200    84980.8674  7249949   37.77%
  13619 12063   100375.3060  3802   136562.4200    84980.8674  7311252   37.77%
  13638 12115    96843.0819  3912   136562.4200    84980.8674  7387427   37.77%
  13671 12087   101748.4969  3696   136562.4200    84980.8674  7322949   37.77%
  13709 12110   109121.9740  3636   136562.4200    84980.8674  7328700   37.77%
  13741 12127   113388.0800  3438   136562.4200    84980.8674  7334867   37.77%
  13783 12151   115357.2485  3440   136562.4200    84980.8674  7340806   37.77%
Elapsed time = 7908.27 sec. (1628966.29 ticks, tree = 1259.11 MB, solutions = 18)
  13820 12145   100683.2982  3628   136562.4200    84980.8674  7417045   37.77%
  13851 12154   101994.7378  3606   136562.4200    84990.6393  7422780   37.76%
  13866 12339    95034.7536  4146   136562.4200    84990.6393  7523106   37.76%
  13893 12391   103366.5955  3435   136562.4200    84990.6393  7565372   37.76%
  13914 12207   102064.2652  3553   136562.4200    84990.6393  7458246   37.76%
  13939 12335    90475.3997  4002   136562.4200    84990.6393  7503725   37.76%
  13974 12226   105760.6872  3610   136562.4200    84990.6393  7470386   37.76%
  14011 12345    94811.5226  3820   136562.4200    84990.6393  7515192   37.76%
  14057 12430   105042.7586  3480   136562.4200    84990.6393  7594858   37.76%
  14114 12385   102118.7172  3881   136562.4200    84990.6393  7563231   37.76%
Elapsed time = 8092.88 sec. (1668274.47 ticks, tree = 1284.78 MB, solutions = 18)
* 14118+12444                       135961.7300    84990.6393            37.49%
  14141 12550   100862.8430  3848   135961.7300    84990.6393  7700947   37.49%
  14178 12559    86716.3338  4460   135961.7300    85029.6437  7742881   37.46%
  14232 12536   104371.1867  3423   135961.7300    85029.6437  7674838   37.46%
  14266 12559   116731.5887  2852   135961.7300    85029.6437  7635599   37.46%
  14310 12562    89292.1328  4327   135961.7300    85029.6437  7640967   37.46%
  14353 12609   110646.6541  3031   135961.7300    85029.6437  7692610   37.46%
  14391 12803   111419.8899  3065   135961.7300    85029.6437  7819270   37.46%
  14451 12839   115904.0866  2884   135961.7300    85029.6437  7825433   37.46%
  14486 12903    93452.9044  3993   135961.7300    85029.6437  7911720   37.46%
  14508 12910    94294.2920  3955   135961.7300    85029.6437  7917926   37.46%
Elapsed time = 8277.67 sec. (1707641.15 ticks, tree = 1343.52 MB, solutions = 19)
  14546 12921    97060.1706  3901   135961.7300    85029.6437  7923801   37.46%
  14571 12702    95070.8742  3962   135961.7300    85029.6437  7804559   37.46%
  14601 12864    90507.8321  4042   135961.7300    85029.6437  7854309   37.46%
  14634 12869    91137.1464  3988   135961.7300    85029.6437  7859975   37.46%
  14670 13030    91850.7475  3907   135961.7300    85029.6437  7999437   37.46%
  14711 13094    88595.6093  4129   135961.7300    85069.1839  8039790   37.43%
  14741 12986   100160.8788  3484   135961.7300    85069.1839  7968169   37.43%
  14791 13205   120702.0252  3713   135961.7300    85069.1839  8096439   37.43%
  14859 13238   122792.2722  3656   135961.7300    85069.1839  8102015   37.43%
  14924 13041   102075.6565  3280   135961.7300    85069.1839  7985762   37.43%
Elapsed time = 8461.19 sec. (1746357.14 ticks, tree = 1358.07 MB, solutions = 19)
  14965 13062   102636.8310  3287   135961.7300    85069.1839  7991488   37.43%
  15027 13086   103476.4373  3147   135961.7300    85069.1839  7997403   37.43%
  15072 13423   109821.6565  3470   135961.7300    85069.1839  8182206   37.43%
  15119 13443   120796.6838  3436   135961.7300    85072.2419  8188114   37.43%
  15167 13485    97143.1026  3690   135961.7300    85072.2419  8232524   37.43%
  15187 13496    98066.4174  3641   135961.7300    85072.2419  8238528   37.43%
  15209 13325    91814.8414  4166   135961.7300    85072.2419  8160414   37.43%
  15240 13600    94393.4518  3828   135961.7300    85072.2419  8292606   37.43%
  15270 13479    88904.4812  4074   135961.7300    85072.2419  8213933   37.43%
  15303 13551   105951.8827  3516   135961.7300    85072.2419  8262443   37.43%
Elapsed time = 8643.91 sec. (1785435.31 ticks, tree = 1415.50 MB, solutions = 19)
  15354 13580   106674.6845  3448   135961.7300    85072.5177  8268332   37.43%
  15390 13643   103875.6786  3520   135961.7300    85072.8514  8316330   37.43%
  15416 13884   104614.0549  3470   135961.7300    85072.8514  8457647   37.43%
  15442 13900   108563.9352  3501   135961.7300    85075.0541  8463433   37.43%
  15467 13812    90218.3892  4071   135961.7300    85075.0541  8422285   37.43%
  15506 13933   114547.4041  3571   135961.7300    85075.0541  8475426   37.43%
  15552 13963   115160.7263  3488   135961.7300    85075.0541  8481172   37.43%
  15583 13830    92485.4483  4087   135961.7300    85075.0541  8438512   37.43%
  15600 13836    93058.6198  4100   135961.7300    85075.0541  8443941   37.43%
  15615 13987    90736.7174  4118   135961.7300    85075.0541  8497909   37.43%
Elapsed time = 8827.80 sec. (1824535.90 ticks, tree = 1463.77 MB, solutions = 19)
  15638 13940   101115.1927  3731   135961.7300    85075.0541  8517395   37.43%
  15661 14006    96994.0387  3862   135961.7300    85088.1244  8606896   37.42%
  15691 13971   100474.4583  3730   135961.7300    85088.1244  8571124   37.42%
  15718 14130    97081.5658  3831   135961.7300    85088.1244  8664785   37.42%
  15740 13982   100727.6314  3885   135961.7300    85088.1244  8582261   37.42%
  15764 13986   102001.4222  3736   135961.7300    85088.1244  8587882   37.42%
  15797 13991   102738.9607  3769   135961.7300    85088.1244  8593510   37.42%
  15845 14171   106972.6118  3374   135961.7300    85088.1244  8688307   37.42%
  15892 14191   108482.8718  3238   135961.7300    85088.1244  8694390   37.42%
  15952 14302   107664.5419  3606   135961.7300    85088.1244  8799593   37.42%
Elapsed time = 9009.97 sec. (1863042.66 ticks, tree = 1499.12 MB, solutions = 19)
  16007 14194   108887.3638  3415   135961.7300    85088.1244  8718638   37.42%
  16086 14458   115472.1660  2784   135961.7300    85088.1244  8861539   37.42%
  16155 14237   104067.2171  3607   135961.7300    85088.1244  8775168   37.42%
  16167 14243   107448.2942  3485   135961.7300    85088.1244  8781419   37.42%
  16182 14252   105153.6214  3581   135961.7300    85088.1244  8787389   37.42%
  16199 14257   104495.6652  3672   135961.7300    85088.1244  8793116   37.42%
  16223 14481    87296.1320  4232   135961.7300    85089.4376  8897937   37.42%
  16248 14387    90832.2653  4071   135961.7300    85089.4376  8837878   37.42%
  16272 14494    88522.0933  4112   135961.7300    85089.4376  8909137   37.42%
  16298 14639    94309.2368  3975   135961.7300    85089.4376  8996327   37.42%
Elapsed time = 9199.33 sec. (1902899.61 ticks, tree = 1537.03 MB, solutions = 19)
  16323 14563   109086.6267  3563   135961.7300    85089.4376  8967376   37.42%
  16351 14516    91433.9372  3927   135961.7300    85089.4376  8926598   37.42%
  16378 14653   101850.9823  3682   135961.7300    85089.4376  9013823   37.42%
  16407 14759    94862.3860  3780   135961.7300    85089.4376  9069152   37.42%
  16428 14765    97420.2677  3656   135961.7300    85089.4376  9074956   37.42%
  16463 14803    infeasible         135961.7300    85089.4376  9095205   37.42%
  16508 14788    99761.6110  3768   135961.7300    85089.4376  9086328   37.42%
  16551 14798   100400.9426  3641   135961.7300    85089.4376  9092131   37.42%
  16617 15010   107218.6331  3471   135961.7300    85100.2008  9236502   37.41%
  16698 14863   105234.2772  3536   135961.7300    85100.2008  9118401   37.41%
Elapsed time = 9386.34 sec. (1941672.07 ticks, tree = 1562.33 MB, solutions = 19)
  16754 15041   110451.0699  3416   135961.7300    85100.2008  9248346   37.41%
  16810 14909   108236.9648  3484   135961.7300    85100.2008  9130231   37.41%
  16863 15082   112388.6553  3459   135961.7300    85100.2008  9259718   37.41%
  16888 14889    91888.0000  3918   135961.7300    85100.2008  9167185   37.41%
  16902 14896    92587.8713  3931   135961.7300    85100.2008  9173085   37.41%
  16920 15183    93142.8262  3864   135961.7300    85102.8583  9332248   37.41%
  16947 15132    88072.6971  4143   135961.7300    85102.8583  9294441   37.41%
  16977 15304    97422.6074  4031   135961.7300    85119.9312  9385861   37.39%
  17006 15222    95466.7785  3464   135961.7300    85125.2638  9349813   37.39%
  17042 15415    87451.7413  4347   135961.7300    85125.2638  9444444   37.39%
Elapsed time = 9571.33 sec. (1980510.42 ticks, tree = 1624.06 MB, solutions = 19)
  17079 15264    97834.3290  3482   135961.7300    85125.2638  9361394   37.39%
  17121 15338   101130.2131  3854   135961.7300    85125.2638  9407971   37.39%
  17152 15347   103664.0546  3705   135961.7300    85125.2638  9413680   37.39%
  17199 15466    95188.5876  3844   135961.7300    85125.2638  9483671   37.39%
  17226 15368   109618.3233  3718   135961.7300    85125.2638  9424941   37.39%
  17255 15489    98315.8469  3598   135961.7300    85125.2638  9494992   37.39%
  17288 15711   111621.5251  3695   135961.7300    85125.2638  9595130   37.39%
  17325 15510    99974.1053  3554   135961.7300    85125.2638  9506770   37.39%
  17379 15757   114778.8090  3658   135961.7300    85125.2638  9606389   37.39%
  17440 15544   101460.5121  3569   135961.7300    85125.2638  9518283   37.39%
Elapsed time = 9753.50 sec. (2019299.81 ticks, tree = 1625.33 MB, solutions = 19)
  17476 15639    91023.5392  3898   135961.7300    85125.2638  9566509   37.39%
  17512 15737    93742.2891  3910   135961.7300    85125.2638  9669046   37.39%
  17542 15654    93486.8956  3864   135961.7300    85125.2638  9577832   37.39%
  17557 15663    94394.6087  3820   135961.7300    85125.2638  9583692   37.39%
  17572 15800    88663.4541  4226   135961.7300    85125.2638  9639607   37.39%
  17585 15755    96189.0515  3834   135961.7300    85125.2638  9692343   37.39%
  17605 15805    98985.1685  3734   135961.7300    85125.2638  9704368   37.39%
  17624 16037    89887.3588  4223   135961.7300    85125.2638  9811717   37.39%
  17660 15937    87095.6135  4430   135961.7300    85130.1550  9758714   37.39%
  17695 15855   112860.4214  3713   135961.7300    85130.1550  9721401   37.39%
Elapsed time = 9940.30 sec. (2058683.85 ticks, tree = 1635.21 MB, solutions = 19)
  17725 16103   100919.7981  3627   135961.7300    85130.1550  9882592   37.39%
  17765 15897   116488.9064  3383   135961.7300    85130.1550  9733026   37.39%
  17795 15950    92404.9600  4166   135961.7300    85130.1550  9781130   37.39%
  17809 16119   101660.1955  3547   135961.7300    85130.1550  9900558   37.39%
  17830 16059    90388.4378  4133   135961.7300    85130.1550  9850762   37.39%
  17848 15970    95719.7179  3983   135961.7300    85130.1550  9797537   37.39%
  17869 16116    96599.2474  3946   135961.7300    85142.7614  9918071   37.38%
  17893 16353   106641.8367  3382   135961.7300    85142.7614 10083107   37.38%
  17933 16132   100133.1818  3855   135961.7300    85142.7614  9929503   37.38%
  17963 16147   102339.1012  3840   135961.7300    85142.7614  9935284   37.38%
Elapsed time = 10130.77 sec. (2098394.46 ticks, tree = 1641.78 MB, solutions = 19)
  17990 16158   103135.9567  3830   135961.7300    85142.7614  9941145   37.38%
  18031 16272    90520.8265  4232   135961.7300    85142.7614  9994737   37.38%
  18069 16295   101975.9627  3920   135961.7300    85142.7614 10056020   37.38%
  18110 16301    98865.2559  3925   135961.7300    85142.7614 10061523   37.38%
  18158 16295    92845.2801  3871   135961.7300    85142.7614 10011367   37.38%
  18192 16305    93591.1709  3904   135961.7300    85147.4145 10017162   37.37%
  18210 16452   101513.8428  3786   135961.7300    85147.4145 10191235   37.37%
  18230 16686    87050.6157  4384   135961.7300    85147.4145 10309439   37.37%
  18255 16430    96386.1674  3874   135961.7300    85147.4145 10146623   37.37%
  18291 16696    88334.0048  4150   135961.7300    85147.4145 10320572   37.37%
Elapsed time = 10320.23 sec. (2137474.30 ticks, tree = 1702.90 MB, solutions = 19)
  18316 16705    89001.7434  4182   135961.7300    85147.4145 10326236   37.37%
  18353 16712    89744.4982  4045   135961.7300    85147.4145 10331907   37.37%
  18402 16490   104045.7984  3588   135961.7300    85147.4145 10226268   37.37%
  18444 16561    97426.0342  3859   135961.7300    85147.4145 10283123   37.37%
  18472 16568    99822.6795  3781   135961.7300    85147.4145 10288797   37.37%
  18499 16574   101877.7998  3722   135961.7300    85147.4145 10294440   37.37%
  18527 16753    99037.8544  3799   135961.7300    85147.4145 10360135   37.37%
  18557 16880    89566.0596  4116   135961.7300    85147.4145 10432218   37.37%
  18597 16754   110319.6291  3417   135961.7300    85147.4145 10380070   37.37%
  18635 17051   102375.7436  3664   135961.7300    85147.4145 10553706   37.37%
Elapsed time = 10505.88 sec. (2176470.76 ticks, tree = 1726.06 MB, solutions = 19)
  18677 16996   108942.3927  3477   135961.7300    85147.4145 10504675   37.37%
  18733 17075   117424.8904  3504   135961.7300    85147.4145 10565360   37.37%
  18799 17060   110771.2279  3448   135961.7300    85147.4145 10515935   37.37%
  18837 17107   122134.5504  3548   135961.7300    85147.4145 10576972   37.37%
  18880 17132   126643.7986  3446   135961.7300    85147.4145 10582518   37.37%
  18909 16937    97431.6823  3714   135961.7300    85147.4145 10477342   37.37%
  18927 17079    89228.5002  4141   135961.7300    85147.4145 10538374   37.37%
  18946 17142    88527.8068  4277   135961.7300    85147.4145 10597813   37.37%
  18964 17114   108131.5306  3869   135961.7300    85147.4145 10610785   37.37%
  18987 17126   109277.7791  3790   135961.7300    85190.5934 10616570   37.34%
Elapsed time = 10690.83 sec. (2215353.92 ticks, tree = 1727.26 MB, solutions = 19)
  19020 17144   125732.4684  3622   135961.7300    85190.5934 10622449   37.34%
  19046 17308    88208.6679  4340   135961.7300    85190.5934 10730465   37.34%
  19080 17171   131069.8133  3261   135961.7300    85190.5934 10634842   37.34%
  19116 17436    91849.6487  4078   135961.7300    85190.5934 10800139   37.34%
  19164 17287    96189.3380  3968   135961.7300    85190.5934 10701139   37.34%
  19182 17295    96944.1032  3852   135961.7300    85190.5934 10706816   37.34%
  19212 17312    97760.1430  3780   135961.7300    85190.5934 10712766   37.34%
  19238 17455    96461.1800  3853   135961.7300    85190.5934 10823381   37.34%
  19261 17512   100014.0191  3764   135961.7300    85209.6602 10834493   37.33%
  19289 17525   101980.1253  3777   135961.7300    85209.6602 10840211   37.33%
Elapsed time = 10877.64 sec. (2254943.54 ticks, tree = 1734.80 MB, solutions = 19)
  19324 17685    95596.7656  4208   135961.7300    85209.6602 10965278   37.33%
  19362 17565   105293.4267  3620   135961.7300    85209.6602 10851909   37.33%
  19404 17742   101123.4461  3935   135961.7300    85209.6602 11033055   37.33%
  19427 17747   100947.2953  4007   135961.7300    85209.6602 11038855   37.33%
  19444 17610   105692.5852  3827   135961.7300    85209.6602 10924846   37.33%
  19457 17698   101546.4334  4044   135961.7300    85209.6602 10991468   37.33%
  19480 17627   106964.3082  3911   135961.7300    85209.6602 10936116   37.33%
  19505 17639   107574.8065  3803   135961.7300    85209.6602 10942083   37.33%
  19526 17650   109794.3944  3679   135961.7300    85209.6602 10947905   37.33%
  19552 17822   110328.0939  3592   135961.7300    85212.8844 11080715   37.33%
Elapsed time = 11063.36 sec. (2294376.37 ticks, tree = 1754.72 MB, solutions = 19)
  19588 18010   104219.5802  3631   135961.7300    85212.8844 11237211   37.33%
  19623 17863   119322.1947  3460   135961.7300    85212.8844 11091987   37.33%
  19643 17866    85887.1132  4445   135961.7300    85212.8844 11095625   37.33%
  19665 17929    90199.3228  4156   135961.7300    85212.8844 11143615   37.33%
  19692 17979   110012.2983  3683   135961.7300    85212.8844 11205734   37.33%
  19724 18041   106086.9936  3416   135961.7300    85212.8844 11266915   37.33%
  19746 17890    89184.3928  4211   135961.7300    85212.8844 11117969   37.33%
  19780 17898    90033.9235  4134   135961.7300    85212.8844 11123485   37.33%
  19806 18065   107391.9014  3271   135961.7300    85212.8844 11285469   37.33%
  19847 18083   110758.5593  3260   135961.7300    85212.8844 11291527   37.33%
Elapsed time = 11248.02 sec. (2333566.61 ticks, tree = 1784.09 MB, solutions = 19)
  19882 18116    93659.5692  3922   135961.7300    85212.8844 11300883   37.33%
  19911 18121    94931.0882  3981   135961.7300    85212.8844 11306684   37.33%
  19939 18267   120227.1673  3541   135961.7300    85213.9239 11436488   37.33%
  19963 18341    86505.9450  4341   135961.7300    85213.9239 11498067   37.33%
  20002 18282   122160.9344  3474   135961.7300    85213.9239 11448074   37.33%
  20033 18154   101453.3549  3759   135961.7300    85213.9239 11329245   37.33%
  20078 18354    88895.8010  4376   135961.7300    85213.9239 11514576   37.33%
  20128 18271   117093.8398  3548   135961.7300    85213.9239 11403836   37.33%
  20186 18300   118645.8112  3548   135961.7300    85213.9239 11409590   37.33%
  20221 18199   114265.2886  3634   135961.7300    85213.9239 11352221   37.33%
Elapsed time = 11434.66 sec. (2372803.38 ticks, tree = 1797.88 MB, solutions = 19)
  20244 18382    91959.2935  4011   135961.7300    85213.9239 11536247   37.33%
  20277 18391    93313.9322  3990   135961.7300    85213.9239 11541845   37.33%
  20322 18483   117795.2914  3553   135961.7300    85216.0453 11563725   37.32%
  20341 18408    96665.0838  3800   135961.7300    85216.0453 11553051   37.32%
  20362 18753   100532.2092  3771   135961.7300    85216.0453 11752632   37.32%
  20384 18490    89135.2958  4334   135961.7300    85216.0453 11580190   37.32%
  20419 18694    92623.4545  4165   135961.7300    85216.0453 11711071   37.32%
  20453 18785   105906.2978  3490   135961.7300    85216.0453 11770637   37.32%
  20484 18625    93622.1634  4169   135961.7300    85216.0453 11659527   37.32%
  20515 18809   108166.4756  3481   135961.7300    85216.0453 11782131   37.32%
Elapsed time = 11622.06 sec. (2411894.07 ticks, tree = 1867.29 MB, solutions = 19)
  20569 18834   113189.9468  3351   135961.7300    85216.0453 11787986   37.32%
  20615 18644    98199.8870  3899   135961.7300    85216.0453 11676011   37.32%
  20647 18653    99014.5338  3884   135961.7300    85217.1254 11681651   37.32%
  20680 18998   109517.5889  3689   135961.7300    85217.1254 11941064   37.32%
  20711 18916   100707.9044  3891   135961.7300    85217.1254 11885923   37.32%
  20744 18922   101284.9302  3933   135961.7300    85217.1254 11891557   37.32%
  20798 19055   114821.6625  3599   135961.7300    85218.4221 11958434   37.32%
  20849 19087   118980.7934  3444   135961.7300    85218.4221 11963926   37.32%
  20888 18888   105563.1361  3671   135961.7300    85218.4221 11847068   37.32%
  20928 18968   110803.0839  3718   135961.7300    85218.4221 11914419   37.32%
Elapsed time = 11808.27 sec. (2451036.11 ticks, tree = 1884.84 MB, solutions = 19)
  20965 18919   108701.7167  3648   135961.7300    85218.4221 11858234   37.32%
  21008 18934   109427.3961  3501   135961.7300    85218.4221 11863932   37.32%
  21056 19155    98682.0389  3882   135961.7300    85218.4221 12034342   37.32%
  21105 19168   101477.9457  3599   135961.7300    85218.4221 12039936   37.32%
  21128 19180   103120.6089  3575   135961.7300    85218.4221 12046593   37.32%
  21150 19243    91752.6155  4197   135961.7300    85218.4221 12063727   37.32%
  21176 19254    93001.0140  4105   135961.7300    85218.4221 12069104   37.32%
  21210 19624   111487.4700  3423   135961.7300    85220.1522 12258119   37.32%
  21241 19521    86286.0202  4375   135961.7300    85220.1522 12204052   37.32%
  21279 19665   114767.9331  3411   135961.7300    85220.1522 12270009   37.32%
Elapsed time = 11993.86 sec. (2490259.31 ticks, tree = 1965.03 MB, solutions = 19)
  21321 19694   115590.9585  3407   135961.7300    85220.1522 12275659   37.32%
  21355 19288   110169.4398  3751   135961.7300    85220.1522 12097343   37.32%
  21375 19534    88807.2547  4329   135961.7300    85220.1522 12226233   37.32%
  21395 19539    89109.1835  4300   135961.7300    85220.1522 12231772   37.32%
  21430 19319   112269.9922  3713   135961.7300    85220.1522 12114654   37.32%
  21468 19338   119190.7253  3634   135961.7300    85220.1522 12120163   37.32%
  21509 19451    96154.1341  3968   135961.7300    85220.1522 12192397   37.32%
  21551 19558    92499.6998  4144   135961.7300    85220.1522 12253732   37.32%
  21600 19748    93683.7805  4003   135961.7300    85220.1522 12320717   37.32%
  21626 19832   102480.7226  3916   135961.7300    85220.1522 12404186   37.32%
Elapsed time = 12180.70 sec. (2529316.59 ticks, tree = 1983.10 MB, solutions = 19)
  21654 19998    95752.8539  3956   135961.7300    85231.0522 12533312   37.31%
  21679 19809    91012.0702  4072   135961.7300    85231.0522 12351590   37.31%
  21709 19812    92653.2457  4106   135961.7300    85231.0522 12357245   37.31%
  21738 19872   108915.5062  3874   135961.7300    85231.0522 12426853   37.31%
  21777 20033    99412.5791  3892   135961.7300    85231.0522 12555956   37.31%
  21829 19912   110549.6824  3697   135961.7300    85231.0522 12437890   37.31%
  21872 19932   111309.3047  3569   135961.7300    85231.0522 12443522   37.31%
  21896 20061   104781.2856  3824   135961.7300    85231.0522 12573000   37.31%
  21914 19855   100870.3671  3859   135961.7300    85231.0522 12391192   37.31%
  21946 19938   111411.7639  3563   135961.7300    85239.0020 12444953   37.31%
Elapsed time = 12368.58 sec. (2568202.01 ticks, tree = 1995.38 MB, solutions = 19)
  21982 20103   106137.6077  3662   135961.7300    85239.0020 12590340   37.31%
  22008 20298    98348.1589  3856   135961.7300    85239.0020 12725237   37.31%
  22049 20437   118063.5570  3544   135961.7300    85240.3381 12792321   37.31%
  22080 20148   116106.8043  3735   135961.7300    85240.3381 12623392   37.31%
  22109 20165   132121.9909  3628   135961.7300    85240.3381 12629385   37.31%
  22138 20182   133033.5218  3829   135961.7300    85240.3381 12635016   37.31%
  22173 20328   101041.0772  3772   135961.7300    85240.3381 12753666   37.31%
  22200 20332   101365.1176  3842   135961.7300    85240.3381 12760099   37.31%
  22213 20339   101689.2379  3759   135961.7300    85240.3381 12765643   37.31%
  22236 20349   101878.8908  3783   135961.7300    85240.3381 12771210   37.31%
Elapsed time = 12557.14 sec. (2607867.59 ticks, tree = 2042.38 MB, solutions = 19)
  22264 20358   102873.2011  3780   135961.7300    85240.3381 12776943   37.31%
  22290 20264    98057.1216  3867   135961.7300    85240.3381 12718782   37.31%
  22316 20491    96252.5576  3931   135961.7300    85240.3381 12845042   37.31%
  22338 20553    92779.6064  4127   135961.7300    85240.3381 12871975   37.31%
  22356 20594    99280.3394  3967   135961.7300    85240.3381 12942909   37.31%
  22376 20600    99257.5890  3910   135961.7300    85240.3381 12948723   37.31%
  22403 20572    95148.9479  3938   135961.7300    85240.3381 12889165   37.31%
  22437 20582    97039.5787  3929   135961.7300    85255.6653 12894654   37.29%
  22463 20786    99656.6610  3579   135961.7300    85255.6653 13087920   37.29%
  22497 20686    90717.3771  4175   135961.7300    85255.6653 13034725   37.29%
Elapsed time = 12743.92 sec. (2647082.65 ticks, tree = 2081.69 MB, solutions = 19)
Nodefile size = 20.03 MB (18.92 MB after compression)
  22538 20814   100954.0214  3614   135961.7300    85255.6653 13099798   37.29%
  22574 20832   102818.9541  3509   135961.7300    85255.6653 13105605   37.29%
  22623 20860   103327.5166  3709   135961.7300    85255.6653 13111244   37.29%
  22663 20880   104369.7102  3539   135961.7300    85255.6653 13117045   37.29%
  22694 20830   112492.6963  3788   135961.7300    85255.6653 13137617   37.29%
  22717 20842   120061.3865  3663   135961.7300    85266.8737 13143247   37.29%
  22744 20974    99193.7072  3692   135961.7300    85266.8737 13277695   37.29%
  22785 20936   108263.9986  3569   135961.7300    85266.8737 13219700   37.29%
  22821 20890   125822.3641  3628   135961.7300    85266.8737 13160775   37.29%
  22879 21003   108491.7359  3590   135961.7300    85266.8737 13294815   37.29%
Elapsed time = 12930.36 sec. (2686570.27 ticks, tree = 2118.44 MB, solutions = 19)
Nodefile size = 54.74 MB (51.92 MB after compression)
  22935 20937   131928.5540  3600   135961.7300    85266.8737 13172125   37.29%
  22989 21041   109829.9282  3533   135961.7300    85266.8737 13306329   37.29%
  23025 21069   110538.1904  3471   135961.7300    85266.8737 13311967   37.29%
  23057 21096   111033.1096  3478   135961.7300    85266.8737 13317831   37.29%
  23084 20956    89462.2847  4271   135961.7300    85266.8737 13193017   37.29%
  23093 21153   105266.0797  4011   135961.7300    85266.8737 13392987   37.29%
  23106 21258    90653.4592  4157   135961.7300    85269.6875 13412993   37.28%
  23117 21168   104571.3902  3959   135961.7300    85269.6875 13404862   37.28%
  23132 21266    93411.7193  4084   135961.7300    85271.7417 13425840   37.28%
  23148 21269    95371.6268  3894   135961.7300    85271.7417 13431409   37.28%
Elapsed time = 13130.69 sec. (2727791.75 ticks, tree = 2149.20 MB, solutions = 19)
Nodefile size = 88.08 MB (83.65 MB after compression)
  23161 21276    97013.3846  3949   135961.7300    85271.7417 13437518   37.28%
  23180 21349    91710.9628  4162   135961.7300    85271.7417 13475298   37.28%
  23195 21412   107415.7678  3694   135961.7300    85271.7417 13547791   37.28%
  23217 21361    93239.8453  4015   135961.7300    85271.7417 13486467   37.28%
  23233 21368    94516.9246  4027   135961.7300    85271.7417 13492095   37.28%
  23248 21296    98855.0258  3941   135961.7300    85271.7417 13466022   37.28%
  23263 21544    90072.0737  4262   135961.7300    85271.7417 13595154   37.28%
  23284 21586   100597.1690  3891   135961.7300    85271.7417 13645000   37.28%
  23305 21559    90754.4455  4102   135961.7300    85271.7417 13606829   37.28%
  23324 21597   101663.4656  3912   135961.7300    85271.7417 13656406   37.28%
Elapsed time = 13319.33 sec. (2767650.39 ticks, tree = 2187.14 MB, solutions = 19)
Nodefile size = 127.00 MB (120.54 MB after compression)
  23357 21680   106411.8246  3646   135961.7300    85271.7417 13717892   37.28%
  23383 21693   107153.3062  3729   135961.7300    85271.7417 13723821   37.28%
  23414 21709   108690.5442  3747   135961.7300    85271.7417 13729637   37.28%
  23444 21735   109627.8122  3602   135961.7300    85271.7417 13735390   37.28%
  23473 21602    99079.3444  3616   135961.7300    85271.7417 13640950   37.28%
  23514 21778   115477.4610  3536   135961.7300    85271.7417 13746971   37.28%
  23544 21757   103903.2131  3461   135961.7300    85271.7417 13789207   37.28%
  23567 21796   114096.5405  3575   135961.7300    85271.7417 13831028   37.28%
  23589 21802   114670.5231  3567   135961.7300    85271.7417 13836908   37.28%
  23623 21808   118754.5792  3365   135961.7300    85271.7417 13806995   37.28%
Elapsed time = 13503.66 sec. (2806810.13 ticks, tree = 2211.58 MB, solutions = 19)
Nodefile size = 143.99 MB (136.55 MB after compression)
  23661 21828   119738.6930  3478   135961.7300    85271.7417 13813071   37.28%
  23717 21852   121534.0189  3384   135961.7300    85271.7417 13819104   37.28%
  23757 21831   115809.8880  3563   135961.7300    85271.7417 13859002   37.28%
  23784 21966    94874.5626  4180   135961.7300    85271.7417 13920777   37.28%
  23814 21871    86933.2709  4311   135961.7300    85271.7417 13834530   37.28%
  23845 21873   106769.2188  3434   135961.7300    85271.7417 13879764   37.28%
  23876 21879    88354.4061  4284   135961.7300    85271.7417 13845458   37.28%
  23908 21896   110082.1069  3394   135961.7300    85271.7417 13891034   37.28%
  23935 21907   108646.3454  3533   135961.7300    85271.7417 13896902   37.28%
  23962 22016   120143.5889  3866   135961.7300    85272.7083 13954805   37.28%
Elapsed time = 13697.39 sec. (2845926.32 ticks, tree = 2235.79 MB, solutions = 19)
Nodefile size = 169.31 MB (160.59 MB after compression)
  23980 22205    89497.4954  4206   135961.7300    85272.7083 14068395   37.28%
  24000 22209    90774.2915  4128   135961.7300    85272.7083 14074019   37.28%
  24016 22214    92492.9791  4107   135961.7300    85307.8922 14080084   37.26%
  24034 22134    95603.0322  4050   135961.7300    85307.8922 14015017   37.26%
  24052 22224    95840.0431  4028   135961.7300    85307.8922 14091558   37.26%
  24074 22332    94946.1461  4174   135961.7300    85307.8922 14141632   37.26%
  24098 22161   100799.8062  3801   135961.7300    85307.8922 14032319   37.26%
  24114 22245   104470.7903  3897   135961.7300    85307.8922 14108660   37.26%
  24136 22252   105401.3809  3924   135961.7300    85307.8922 14114455   37.26%
  24157 22263   109806.1776  3970   135961.7300    85307.8922 14120253   37.26%
Elapsed time = 13901.70 sec. (2886168.61 ticks, tree = 2263.89 MB, solutions = 19)
Nodefile size = 196.59 MB (186.47 MB after compression)
  24173 22386   111281.1504  3887   135961.7300    85320.7392 14194977   37.25%
  24194 22399   114472.8310  3798   135961.7300    85320.7392 14200436   37.25%
  24216 22411   124112.6782  3568   135961.7300    85320.7392 14206221   37.25%
  24235 22422   125089.2608  3680   135961.7300    85320.7392 14211568   37.25%
  24254 22428   125605.0889  3576   135961.7300    85320.7392 14217582   37.25%
  24285 22543   120431.1330  3830   135961.7300    85321.8517 14320766   37.25%
  24325 22555   121696.6889  3738   135961.7300    85321.8517 14327011   37.25%
  24382 22505   128987.3741  3335   135961.7300    85321.8517 14235353   37.25%
  24410 22589   126912.0488  3681   135961.7300    85321.8517 14339127   37.25%
  24443 22617   127399.8910  3629   135961.7300    85321.8517 14344713   37.25%
Elapsed time = 14140.12 sec. (2925961.97 ticks, tree = 2304.76 MB, solutions = 19)
Nodefile size = 235.29 MB (223.13 MB after compression)
  24479 22625   106024.7484  3723   135961.7300    85321.8517 14383893   37.25%
  24496 22636   110392.3964  3697   135961.7300    85321.8517 14389527   37.25%
  24513 22648   111226.1235  3599   135961.7300    85321.8517 14395403   37.25%
  24543 22669   112245.4166  3641   135961.7300    85321.8517 14401030   37.25%
  24565 22687   114520.6489  3533   135961.7300    85321.8517 14406909   37.25%
  24595 22515    96393.8854  4178   135961.7300    85321.8517 14305018   37.25%
  24606 22522    96906.8947  4054   135961.7300    85321.8517 14311106   37.25%
  24618 22687    97475.0003  3934   135961.7300    85321.8517 14450629   37.25%
  24633 22723    88760.0468  4276   135961.7300    85321.8517 14429153   37.25%
  24655 22704    98879.8547  3787   135961.7300    85321.8517 14462140   37.25%
Elapsed time = 14360.88 sec. (2965562.51 ticks, tree = 2314.29 MB, solutions = 19)
Nodefile size = 251.72 MB (238.80 MB after compression)
  24673 22715    99271.6748  3769   135961.7300    85321.8517 14466924   37.25%

GUB cover cuts applied:  412
Cover cuts applied:  18
Implied bound cuts applied:  493
Flow cuts applied:  401
Mixed integer rounding cuts applied:  4027
Zero-half cuts applied:  295
Lift and project cuts applied:  7
Gomory fractional cuts applied:  3

Root node processing (before b&c):
  Real time             =  204.50 sec. (41115.34 ticks)
Parallel b&c, 4 threads:
  Real time             = 14202.59 sec. (2932185.13 ticks)
  Sync time (average)   =  195.14 sec.
  Wait time (average)   =    0.14 sec.
                          ------------
Total (root+branch&cut) = 14407.09 sec. (2973300.47 ticks)
