Version identifier: 22.1.1.0 | 2022-11-27 | 9160aff4d
CPXPARAM_Read_DataCheck                          1
CPXPARAM_TimeLimit                               4200
1 of 1 MIP starts provided solutions.
MIP start 'm1' defined initial solution with objective 30893.6700.
Tried aggregator 7 times.
MIP Presolve eliminated 35904 rows and 58002 columns.
MIP Presolve added 964 rows and 0 columns.
MIP Presolve modified 67723 coefficients.
Aggregator did 3137 substitutions.
Reduced MIP has 18908 rows, 26861 columns, and 91445 nonzeros.
Reduced MIP has 17221 binaries, 9640 generals, 0 SOSs, and 0 indicators.
Presolve time = 1.09 sec. (323.10 ticks)
Probing time = 0.16 sec. (8.50 ticks)
Tried aggregator 6 times.
MIP Presolve eliminated 3534 rows and 5284 columns.
MIP Presolve modified 94 coefficients.
Aggregator did 951 substitutions.
Reduced MIP has 14423 rows, 20626 columns, and 69760 nonzeros.
Reduced MIP has 12726 binaries, 7900 generals, 0 SOSs, and 0 indicators.
Presolve time = 0.34 sec. (146.21 ticks)
Probing time = 0.08 sec. (6.39 ticks)
Tried aggregator 4 times.
Detecting symmetries...
MIP Presolve eliminated 1649 rows and 1844 columns.
MIP Presolve modified 212 coefficients.
Aggregator did 687 substitutions.
Reduced MIP has 12087 rows, 18095 columns, and 60957 nonzeros.
Reduced MIP has 10395 binaries, 7700 generals, 0 SOSs, and 0 indicators.
Presolve time = 0.23 sec. (104.95 ticks)
Probing time = 0.08 sec. (6.49 ticks)
Clique table members: 20035.
MIP emphasis: balance optimality and feasibility.
MIP search method: dynamic search.
Parallel mode: deterministic, using up to 4 threads.
Root relaxation solution time = 0.23 sec. (96.25 ticks)

        Nodes                                         Cuts/
   Node  Left     Objective  IInf  Best Integer    Best Bound    ItCnt     Gap

*     0+    0                        30893.6700        0.0000           100.00%
      0     0     3039.3078   229    30893.6700     3039.3078     3892   90.16%
      0     0    10075.2066   398    30893.6700     Cuts: 698     6360   67.39%
      0     0    14679.4890   723    30893.6700     Cuts: 575     8424   52.48%
      0     0    15693.1378  1154    30893.6700     Cuts: 434     9735   49.20%
      0     0    16425.9173  1272    30893.6700     Cuts: 492    10711   46.83%
      0     0    16735.1284  1365    30893.6700     Cuts: 326    11592   45.83%
      0     0    17022.8843  1257    30893.6700     Cuts: 273    12287   44.90%
      0     0    18326.2781  1482    30893.6700     Cuts: 321    13491   40.68%
      0     0    18641.0825  1554    30893.6700     Cuts: 348    14418   39.66%
      0     0    18841.8512  1770    30893.6700     Cuts: 232    15238   39.01%
      0     0    18912.6396  1834    30893.6700     Cuts: 204    15760   38.78%
      0     0    18968.5021  1679    30893.6700     Cuts: 136    16172   38.60%
      0     0    19004.0008  1807    30893.6700     Cuts: 123    16593   38.49%
      0     0    19050.5927  1817    30893.6700     Cuts: 109    16959   38.33%
      0     0    19108.3426  1874    30893.6700     Cuts: 118    17334   38.15%
      0     0    19184.6848  1937    30893.6700      Cuts: 90    17669   37.90%
      0     0    19251.2186  1820    30893.6700     Cuts: 143    18173   37.69%
      0     0    19304.4443  1862    30893.6700     Cuts: 136    18622   37.51%
      0     0    19349.2055  1924    30893.6700     Cuts: 137    19193   37.37%
      0     0    19376.1333  1997    30893.6700     Cuts: 133    19520   37.28%
      0     0    19400.2319  1874    30893.6700      Cuts: 95    19838   37.20%
      0     0    19429.7500  1910    30893.6700      Cuts: 87    20212   37.11%
      0     0    20128.1099  2017    30893.6700     Cuts: 212    21677   34.85%
      0     0    20400.6723  1957    30893.6700     Cuts: 280    22505   33.96%
      0     0    20539.6183  2057    30893.6700     Cuts: 171    23075   33.52%
      0     0    20615.2993  2087    30893.6700     Cuts: 142    23575   33.27%
      0     0    20734.4926  2042    30893.6700     Cuts: 114    24062   32.88%
      0     0    20776.8281  2120    30893.6700     Cuts: 149    24469   32.75%
      0     0    20801.2719  2104    30893.6700     Cuts: 128    24840   32.67%
      0     0    20822.0567  2118    30893.6700     Cuts: 100    25192   32.60%
      0     0    20843.8842  2180    30893.6700      Cuts: 73    25557   32.53%
      0     0    20859.0390  2201    30893.6700      Cuts: 87    25862   32.48%
      0     0    20866.3895  2238    30893.6700      Cuts: 76    26113   32.46%
      0     0    20878.3494  2260    30893.6700      Cuts: 67    26401   32.42%
      0     0    20893.1449  2217    30893.6700      Cuts: 67    26710   32.37%
      0     0    20902.8743  2272    30893.6700      Cuts: 91    26998   32.34%
      0     0    20933.1783  2229    30893.6700      Cuts: 52    27357   32.24%
      0     0    20951.9642  2256    30893.6700      Cuts: 95    27651   32.18%
      0     0    20979.2827  2221    30893.6700      Cuts: 87    28037   32.09%
      0     0    20989.6627  2199    30893.6700      Cuts: 98    28304   32.06%
      0     0    20992.8347  2307    30893.6700      Cuts: 72    28490   32.05%
      0     0    20997.3531  2202    30893.6700      Cuts: 40    28641   32.03%
      0     0    21024.7899  2134    30893.6700      Cuts: 64    29017   31.94%
      0     0    21035.3046  2119    30893.6700      Cuts: 89    29302   31.91%
      0     0    21057.4985  2093    30893.6700      Cuts: 62    29563   31.84%
      0     0    21064.4030  2110    30893.6700      Cuts: 72    29775   31.82%
      0     2    21064.4030  2079    30893.6700    21064.4030    29775   31.82%
Elapsed time = 95.88 sec. (14837.15 ticks, tree = 0.02 MB, solutions = 1)
      1     3    22196.3248  1869    30893.6700    21064.5857    30957   31.82%
      5     7    22415.6362  1779    30893.6700    21064.5857    31882   31.82%
      6     8    22594.7415  1749    30893.6700    21064.5857    32724   31.82%
      9     9    22968.5398  1770    30893.6700    21064.5857    33677   31.82%
     12    12    23196.6877  1674    30893.6700    21064.5857    34472   31.82%
     15    16    23270.0032  1681    30893.6700    21064.5857    40083   31.82%
     18    18    22759.0554  1767    30893.6700    21064.5857    41914   31.82%
     21    20    23433.7436  1807    30893.6700    21064.5857    44996   31.82%
     24     3    21066.5494  2065    30893.6700    21064.5857    29888   31.82%
     46    41    23657.0174  1631    30893.6700    21079.6585    59738   31.77%
Elapsed time = 114.70 sec. (18471.43 ticks, tree = 1.41 MB, solutions = 1)
    103    87    24337.9381  1371    30893.6700    21417.2279    70623   30.67%
    181   164    26303.0252  1395    30893.6700    21417.2279    82513   30.67%
    248   210    30139.7293  1625    30893.6700    21417.2279    88176   30.67%
    306   274    23838.2955  1828    30893.6700    21417.2984    97805   30.67%
    369   329    29246.4800  1516    30893.6700    21455.1943   106562   30.55%
    451   372    21958.3124  1578    30893.6700    21455.1943   111422   30.55%
    553   446    24481.3420  1643    30893.6700    21455.1943   119267   30.55%
    640   515    27381.9472  1312    30893.6700    21455.1943   125602   30.55%
    777   651    25572.2147  1322    30893.6700    21503.5586   141176   30.39%
    897   731    30096.2793  1102    30893.6700    21556.0732   148352   30.22%
Elapsed time = 181.28 sec. (28112.91 ticks, tree = 66.55 MB, solutions = 1)
    978   833    25817.3459  1993    30893.6700    21566.0201   159054   30.19%
   1130   953    30059.8809  1152    30893.6700    21578.1358   170018   30.15%

Performing restart 1

Repeating presolve.
Tried aggregator 1 time.
MIP Presolve eliminated 28 rows and 37 columns.
MIP Presolve added 14 rows and 0 columns.
Reduced MIP has 12073 rows, 18058 columns, and 60818 nonzeros.
Reduced MIP has 10372 binaries, 7686 generals, 0 SOSs, and 0 indicators.
Presolve time = 0.09 sec. (33.94 ticks)
Tried aggregator 1 time.
Reduced MIP has 12073 rows, 18058 columns, and 60818 nonzeros.
Reduced MIP has 10372 binaries, 7686 generals, 0 SOSs, and 0 indicators.
Presolve time = 0.16 sec. (41.28 ticks)
Represolve time = 0.61 sec. (127.76 ticks)
   1185     0    23387.4176  2101    30893.6700    Cuts: 2238   194330   24.30%
   1185     0    24708.7994  2028    30893.6700    Cuts: 2430   197239   20.02%
   1185     0    25376.5636  1697    30893.6700    Cuts: 2247   199949   17.86%
   1185     0    25851.9089  1529    30893.6700    Cuts: 1839   202321   16.32%
   1185     0    26202.4105  1724    30893.6700    Cuts: 2016   204547   15.19%
   1185     0    26514.7933  1591    30893.6700    Cuts: 1735   206821   14.17%
   1185     0    26802.6188  1378    30893.6700    Cuts: 1712   208797   13.24%
   1185     0    27071.0721  1422    30893.6700    Cuts: 1384   210490   12.37%
   1185     0    27369.0872  1528    30893.6700    Cuts: 1388   211953   11.41%
   1185     0    27535.8131  1625    30893.6700    Cuts: 1368   213465   10.87%
   1185     0    27679.2078  1490    30893.6700    Cuts: 1410   215112   10.40%
   1185     0    27808.8556  1511    30893.6700    Cuts: 1112   216693    9.99%
   1185     0    27951.7545  1799    30893.6700     Cuts: 999   218178    9.52%
   1185     0    28189.1505  1501    30893.6700    Cuts: 1085   219698    8.75%
   1185     0    28257.5367  1563    30893.6700     Cuts: 982   220815    8.53%
   1185     0    28340.0937  1396    30893.6700     Cuts: 948   221995    8.27%
   1185     0    28412.4641  1321    30893.6700    Cuts: 1070   223075    8.03%
   1185     0    28498.0584  1368    30893.6700     Cuts: 862   224274    7.75%
   1185     0    28553.6462  1626    30893.6700     Cuts: 796   225424    7.57%
   1185     0    28610.1845  1559    30893.6700     Cuts: 948   226617    7.39%
   1185     0    28639.8408  1394    30893.6700     Cuts: 811   227505    7.30%
   1185     0    28679.2498  1641    30893.6700     Cuts: 848   228569    7.17%
   1185     0    28734.6846  1616    30893.6700     Cuts: 907   229668    6.99%
   1185     0    28772.7145  1536    30893.6700     Cuts: 813   230801    6.87%
   1185     0    28793.6932  1522    30893.6700     Cuts: 842   231668    6.80%
   1185     0    28804.4280  1640    30893.6700     Cuts: 594   232356    6.76%
   1185     0    28818.5245  1502    30893.6700     Cuts: 894   233016    6.72%
   1185     0    28834.3672  1622    30893.6700     Cuts: 539   233772    6.67%
   1185     0    28844.3157  1524    30893.6700     Cuts: 602   234342    6.63%
   1185     0    28853.1857  1610    30893.6700     Cuts: 669   234842    6.60%
   1185     0    28863.6533  1454    30893.6700     Cuts: 569   235534    6.57%
   1185     0    28869.8037  1570    30893.6700     Cuts: 442   236162    6.55%
   1185     0    28884.9441  1546    30893.6700     Cuts: 516   236935    6.50%
   1185     0    28891.0583  1531    30893.6700     Cuts: 633   237454    6.48%
   1185     0    28898.9489  1108    30893.6700     Cuts: 534   237894    6.46%
   1185     0    28906.8848  1031    30893.6700     Cuts: 452   238277    6.43%
   1185     0    28911.4814  1162    30893.6700     Cuts: 228   238689    6.42%
   1185     0    28920.2640  1685    30893.6700     Cuts: 250   239502    6.39%
   1185     0    28924.9757  1066    30893.6700     Cuts: 245   239917    6.37%
   1185     0    28936.7288  1024    30893.6700     Cuts: 378   240536    6.33%
   1185     0    28951.5785  1047    30893.6700     Cuts: 497   241119    6.29%
   1185     0    28962.8548  1318    30893.6700     Cuts: 399   241700    6.25%
   1185     0    28969.5710  1404    30893.6700     Cuts: 373   242258    6.23%
   1185     2    28969.5710  1404    30893.6700    28969.5710   242258    6.23%
   1192     9    29546.6770  1137    30893.6700    28971.6089   245167    6.22%
   1196    13    28986.9607   980    30893.6700    28971.6089   246513    6.22%
   1200     3    29775.4855   915    30893.6700    28971.6089   244624    6.22%
   1215    19    29651.9888   887    30893.6700    28971.6089   260890    6.22%
   1240    39    29846.0704   919    30893.6700    28971.6089   272046    6.22%
   1268    61        cutoff          30893.6700    28971.6089   277140    6.22%
   1278    72    30431.8407   814    30893.6700    28971.6089   282258    6.22%
Elapsed time = 536.38 sec. (81437.04 ticks, tree = 3.54 MB, solutions = 1)
   1317    71    29296.9631   793    30893.6700    28971.6089   284424    6.22%
   1371   119    30764.7838   686    30893.6700    28974.5908   292688    6.21%
   1437   172    29420.5123   722    30893.6700    28974.5908   304254    6.21%
   1449   176    30822.7164  1277    30893.6700    28974.5908   310554    6.21%
   1470   203    29739.1770   988    30893.6700    28974.5908   318000    6.21%
   1497   246    29904.4702   778    30893.6700    28974.5908   334321    6.21%
   1533   261    30304.1078  1444    30893.6700    28974.5908   339686    6.21%
   1585   275    30342.1050  1399    30893.6700    28974.5908   342167    6.21%
   1661   337    30081.2066   755    30893.6700    28974.5908   356685    6.21%
   1724   389    30295.8131   653    30893.6700    28974.5908   364377    6.21%
Elapsed time = 614.05 sec. (91282.93 ticks, tree = 33.11 MB, solutions = 1)
   1772   404    30445.1559   818    30893.6700    28974.5908   367704    6.21%
   1850   523    30473.6247   622    30893.6700    28974.5908   391391    6.21%
   1893   532    30666.3505   694    30893.6700    28974.5908   396327    6.21%
   1938   558    30087.8473   920    30893.6700    29187.9709   402731    5.52%
   1963   569    30629.3012   718    30893.6700    29187.9709   406865    5.52%
   2011   598    30516.6534   782    30893.6700    29206.8395   412664    5.46%
   2044   636    30572.8493   666    30893.6700    29206.8395   425952    5.46%
   2116   697    30771.6674   921    30893.6700    29206.8395   446643    5.46%
   2180   703    30208.8945  1090    30893.6700    29206.8395   452499    5.46%
   2196   720    30282.8710  1036    30893.6700    29206.8395   461898    5.46%
Elapsed time = 686.33 sec. (101075.82 ticks, tree = 69.31 MB, solutions = 1)
   2222   735        cutoff          30893.6700    29206.8395   467844    5.46%
   2267   740    30615.9266   968    30893.6700    29206.8395   470967    5.46%
   2280   778    30136.0737  1208    30893.6700    29270.0481   488342    5.26%
   2289   793    30112.5457   933    30893.6700    29298.5435   498510    5.16%
   2303   820    30449.0166  1132    30893.6700    29307.2286   511870    5.14%
   2316   833    30198.9415  1042    30893.6700    29307.2286   532279    5.14%
   2329   844    30392.2743   857    30893.6700    29307.2286   542380    5.14%
   2361   851    30747.9476  1083    30893.6700    29307.2286   551885    5.14%
   2390   860        cutoff          30893.6700    29310.3112   568066    5.13%
   2409   886    30773.1439  1256    30893.6700    29310.3112   578404    5.13%
Elapsed time = 779.77 sec. (111004.10 ticks, tree = 81.68 MB, solutions = 1)
   2433   892    29676.3163  1030    30893.6700    29317.1510   591312    5.10%
   2438   896    29877.1971  1317    30893.6700    29335.8622   598981    5.04%
   2448   901    29932.8960  1267    30893.6700    29348.3039   610739    5.00%
   2458   916    30673.5478  1387    30893.6700    29348.3039   621715    5.00%
   2474   918    30413.9499   892    30893.6700    29348.3039   626836    5.00%
   2492   925    30757.3237   892    30893.6700    29348.3039   629405    5.00%
   2515   929    30247.5263  1122    30893.6700    29348.3039   641057    5.00%
   2530   959    30403.5627  1191    30893.6700    29348.3039   660709    5.00%
   2543   975    30542.8846  1118    30893.6700    29348.3039   677512    5.00%
   2566   989    30699.7244  1051    30893.6700    29348.3039   682547    5.00%
Elapsed time = 871.66 sec. (121294.78 ticks, tree = 89.26 MB, solutions = 1)
   2611  1000    30603.1794   948    30893.6700    29348.3039   693185    5.00%
   2653   992    30266.5717  1179    30893.6700    29348.3039   689422    5.00%
   2662  1037    30490.4669  1454    30893.6700    29393.2023   707717    4.86%
   2680  1044        cutoff          30893.6700    29458.6168   710032    4.65%
   2692  1068    30475.9268  1221    30893.6700    29458.6168   724215    4.65%
   2710  1077    30406.4975   975    30893.6700    29458.6168   734146    4.65%
   2735  1077    30834.9223   933    30893.6700    29471.7057   729741    4.60%
   2760  1121    30807.8703   724    30893.6700    29471.7057   759752    4.60%
   2782  1105    30849.6778   970    30893.6700    29504.6331   756217    4.50%
   2796  1106    30531.3762  1030    30893.6700    29504.6331   759118    4.50%
Elapsed time = 961.75 sec. (131159.65 ticks, tree = 102.05 MB, solutions = 1)
   2814  1142        cutoff          30893.6700    29506.4593   778184    4.49%
   2841  1144    30574.5703  1225    30893.6700    29506.4593   774556    4.49%
   2852  1158    30375.3422  1380    30893.6700    29506.4593   788411    4.49%
   2871  1183    30678.6620  1385    30893.6700    29506.4593   810035    4.49%
   2890  1192    30656.0160  1449    30893.6700    29506.4593   819840    4.49%
   2906  1199    30544.7794  1162    30893.6700    29506.4593   825983    4.49%
   2921  1203    30688.2860  1237    30893.6700    29506.4593   828706    4.49%
   2941  1207    30160.2446  1105    30893.6700    29546.7646   835415    4.36%
   2958  1239    30327.9592   998    30893.6700    29546.7646   868599    4.36%
   2967  1243    30147.1574  1208    30893.6700    29546.7646   875691    4.36%
Elapsed time = 1065.25 sec. (141143.68 ticks, tree = 117.62 MB, solutions = 1)
   2986  1251    30685.3287   505    30893.6700    29546.7646   873216    4.36%
   3008  1270    30753.3863   485    30893.6700    29546.7646   889370    4.36%
   3031  1278        cutoff          30893.6700    29580.7776   891847    4.25%
   3047  1286    30826.0657   619    30893.6700    29580.7776   894778    4.25%
   3077  1289    30384.8444  1273    30893.6700    29580.7776   912302    4.25%
   3092  1320    30619.2866  1364    30893.6700    29581.1216   924851    4.25%
   3116  1325    30699.7443   995    30893.6700    29581.1216   933660    4.25%
   3138  1346    30832.1191  1301    30893.6700    29593.0239   948011    4.21%
   3163  1337    30836.7722   671    30893.6700    29593.0239   939311    4.21%
   3225  1379    30428.0694  1250    30893.6700    29599.5864   985593    4.19%
Elapsed time = 1177.47 sec. (153987.36 ticks, tree = 126.96 MB, solutions = 1)
   3267  1418    30654.1411  1220    30893.6700    29637.6739  1028535    4.07%
   3318  1436    30237.6993  1384    30893.6700    29652.0764  1067502    4.02%
   3365  1464    30866.6802  1397    30893.6700    29653.9053  1099155    4.01%
   3425  1513    30610.7636  1175    30893.6700    29672.1293  1162383    3.95%
   3469  1517    30604.0190  1232    30893.6700    29672.1293  1173277    3.95%
   3550  1578    30368.8456  1375    30893.6700    29690.8837  1220087    3.89%
   3619  1589    30656.6301  1314    30893.6700    29697.5631  1241727    3.87%
   3671  1649    30783.3860  1225    30893.6700    29709.2281  1279860    3.83%
   3737  1677    30242.1299  1363    30893.6700    29719.6244  1303778    3.80%
   3801  1729        cutoff          30893.6700    29728.5311  1353582    3.77%
Elapsed time = 1523.97 sec. (193159.90 ticks, tree = 159.20 MB, solutions = 1)
   3834  1766    30580.4909  1079    30893.6700    29742.7008  1406045    3.73%
   3884  1768    30462.9014  1444    30893.6700    29742.7008  1429620    3.73%
   3946  1799    29909.1000  1463    30893.6700    29748.5304  1485375    3.71%
   4019  1826    30889.5529  1239    30893.6700    29767.5188  1517009    3.65%
   4057  1865    30762.9429  1059    30893.6700    29779.8824  1556138    3.61%
   4139  1887    30804.8167  1431    30893.6700    29794.9998  1594908    3.56%
   4194  1925    30510.6206  1187    30893.6700    29795.0209  1619557    3.56%
   4230  1947    30503.5309  1461    30893.6700    29813.7409  1641821    3.50%
   4287  1974    30836.5162  1492    30893.6700    29819.0395  1678812    3.48%
   4389  2043    30723.0435   719    30893.6700    29821.7725  1719403    3.47%
Elapsed time = 1866.48 sec. (232071.14 ticks, tree = 192.50 MB, solutions = 1)
   4464  2076    30479.4612  1358    30893.6700    29824.2553  1770160    3.46%
   4519  2092    30837.5615  1046    30893.6700    29835.4506  1779660    3.43%
   4574  2127    30697.8378  1329    30893.6700    29839.4900  1833479    3.41%
   4617  2146        cutoff          30893.6700    29854.6878  1875919    3.36%
   4661  2159    30413.7706   863    30893.6700    29868.8384  1900408    3.32%
   4736  2163    30537.6878  1182    30893.6700    29878.0733  1922639    3.29%
   4800  2199    30206.5909  1465    30893.6700    29879.5498  1959889    3.28%
   4858  2227    30407.3796  1130    30893.6700    29895.5236  2007461    3.23%
   4914  2266    30501.8437  1258    30893.6700    29900.0777  2065641    3.22%
   4968  2272    30573.3565  1291    30893.6700    29901.6960  2076107    3.21%
Elapsed time = 2165.75 sec. (271114.01 ticks, tree = 215.16 MB, solutions = 1)
   5024  2308    30250.2502  1251    30893.6700    29908.0827  2116116    3.19%
   5064  2334    30479.9045  1538    30893.6700    29913.2519  2165210    3.17%
   5113  2347    30728.1610   969    30893.6700    29917.1764  2183977    3.16%
   5186  2353    30625.7358  1401    30893.6700    29923.2592  2215143    3.14%
   5245  2375    30362.4296  1008    30893.6700    29932.9162  2245831    3.11%
   5317  2394    30430.8415  1195    30893.6700    29940.5308  2267829    3.09%
   5371  2432    30233.8114  1423    30893.6700    29943.9499  2318673    3.07%
   5460  2501        cutoff          30893.6700    29946.9656  2368586    3.06%
   5539  2506    30768.6980  1123    30893.6700    29955.0828  2382367    3.04%
   5584  2535    30555.9723  1343    30893.6700    29959.0614  2423316    3.03%
Elapsed time = 2427.66 sec. (310161.58 ticks, tree = 232.26 MB, solutions = 1)
   5658  2578    30827.0441  1111    30893.6700    29964.3765  2474311    3.01%
   5728  2588    30796.4760   761    30893.6700    29969.9827  2483127    2.99%
   5781  2603        cutoff          30893.6700    29977.4534  2531373    2.97%
   5831  2630        cutoff          30893.6700    29986.1901  2574551    2.94%
   5891  2635    30652.3585  1357    30893.6700    29997.1694  2583687    2.90%
   5954  2666        cutoff          30893.6700    30015.2638  2654121    2.84%
   6026  2672    30516.8444  1331    30893.6700    30018.6559  2662580    2.83%
   6084  2681    30416.2966  1229    30893.6700    30022.3764  2698053    2.82%
   6150  2737    30511.2058  1502    30893.6700    30029.5064  2732700    2.80%
   6253  2744    30341.3211  1116    30893.6700    30032.7602  2778935    2.79%
Elapsed time = 2683.73 sec. (348904.69 ticks, tree = 260.09 MB, solutions = 1)
   6311  2747    30188.3890  1338    30893.6700    30038.9965  2788751    2.77%
   6364  2831        cutoff          30893.6700    30044.8784  2822591    2.75%
   6427  2874    30606.9804  1001    30893.6700    30059.6234  2915038    2.70%
   6519  2880        cutoff          30893.6700    30061.7135  2952313    2.69%
   6576  2893    30748.3334  1417    30893.6700    30063.8560  2975744    2.69%
   6643  2918    30707.2965   985    30893.6700    30069.6252  3021545    2.67%
   6711  2942    30815.1670  1443    30893.6700    30076.9127  3043580    2.64%
   6758  2944    30490.7460  1278    30893.6700    30086.0930  3064210    2.61%
   6805  2974    30651.2481  1394    30893.6700    30099.5125  3100794    2.57%
   6861  3003    30671.1662  1455    30893.6700    30101.9315  3142792    2.56%
Elapsed time = 2877.17 sec. (388059.66 ticks, tree = 281.51 MB, solutions = 1)
   6954  3037    30776.8489   942    30893.6700    30106.7336  3193991    2.55%
   7022  3070    30639.8917  1128    30893.6700    30112.4623  3225912    2.53%
   7089  3063    30670.0990  1345    30893.6700    30115.3677  3222979    2.52%
   7164  3103    30494.7552  1486    30893.6700    30116.6741  3281967    2.52%
   7244  3139    30879.5146  1388    30893.6700    30130.9661  3334072    2.47%
   7310  3165    30616.5872  1009    30893.6700    30132.2849  3355144    2.46%
   7403  3179    30683.0673  1222    30893.6700    30142.9272  3363669    2.43%
   7488  3227    30651.1017  1108    30893.6700    30152.8712  3431318    2.40%
   7581  3286    30702.5512  1223    30893.6700    30158.8521  3469007    2.38%
   7665  3269    30673.6802  1277    30893.6700    30162.5986  3460914    2.37%
Elapsed time = 3086.34 sec. (426663.82 ticks, tree = 314.73 MB, solutions = 1)
   7730  3305    30660.5751   616    30893.6700    30164.2842  3501976    2.36%
   7815  3353    30816.7291  1462    30893.6700    30172.5371  3565981    2.33%
   7902  3381    30790.7048  1351    30893.6700    30180.6933  3587801    2.31%
   8006  3408    30889.7086  1128    30893.6700    30183.8707  3628607    2.30%
   8076  3424        cutoff          30893.6700    30192.2598  3658839    2.27%
   8121  3506    30521.8421  1321    30893.6700    30194.7124  3695703    2.26%
   8173  3512    30767.7588  1567    30893.6700    30196.5411  3706338    2.26%
   8239  3525    30558.1087  1507    30893.6700    30200.1514  3783992    2.24%
   8296  3529    30870.1163  1255    30893.6700    30205.1978  3829394    2.23%
   8370  3531        cutoff          30893.6700    30207.2762  3849906    2.22%
Elapsed time = 3287.56 sec. (465590.30 ticks, tree = 333.49 MB, solutions = 1)
   8438  3581    30640.4424  1296    30893.6700    30212.0452  3911906    2.21%
   8514  3567    30847.7427  1147    30893.6700    30212.0452  3885502    2.21%
   8585  3574    30748.0213   386    30893.6700    30219.9592  3909124    2.18%
   8655  3582    30711.8195  1526    30893.6700    30228.2372  3949556    2.15%
   8717  3593    30688.8267   737    30893.6700    30232.9682  3993286    2.14%
   8766  3602    30790.3360  1573    30893.6700    30234.0558  4002678    2.14%
   8817  3651        cutoff          30893.6700    30236.6037  4068955    2.13%
   8889  3673    30839.6623  1117    30893.6700    30244.0959  4089901    2.10%
   8957  3686    30792.5957  1459    30893.6700    30253.7008  4198384    2.07%
   9041  3708    30834.1472   643    30893.6700    30257.0811  4221468    2.06%
Elapsed time = 3488.52 sec. (504507.24 ticks, tree = 351.77 MB, solutions = 1)
   9130  3716    30833.5990  1475    30893.6700    30259.7947  4247147    2.05%
   9177  3715    30527.8281  1086    30893.6700    30263.0978  4255945    2.04%
   9230  3719        cutoff          30893.6700    30264.1818  4265301    2.04%
   9309  3753    30587.6179  1193    30893.6700    30265.3960  4333698    2.03%
   9377  3757    30659.6608  1162    30893.6700    30269.9176  4362562    2.02%
   9447  3775    30777.9531  1020    30893.6700    30273.5762  4414605    2.01%
   9526  3786        cutoff          30893.6700    30273.7737  4439447    2.01%
   9610  3800    30780.3836   863    30893.6700    30280.6527  4431479    1.98%
   9688  3773        cutoff          30893.6700    30285.1567  4456249    1.97%
   9764  3848        cutoff          30893.6700    30288.0974  4513526    1.96%
Elapsed time = 3693.97 sec. (542987.03 ticks, tree = 363.01 MB, solutions = 1)
   9862  3847    30704.8166  1387    30893.6700    30297.2210  4549672    1.93%
   9944  3847    30848.3192  1177    30893.6700    30302.7175  4558533    1.91%
  10044  3886    30766.1234   980    30893.6700    30311.7015  4604999    1.88%
  10117  3914    30812.0759  1374    30893.6700    30312.7971  4632061    1.88%
  10179  3907    30792.8458  1068    30893.6700    30316.9701  4658394    1.87%
  10256  3980    30876.4478  1316    30893.6700    30325.8672  4713966    1.84%
  10334  4004        cutoff          30893.6700    30331.9070  4736389    1.82%
  10402  4007    30746.6325  1079    30893.6700    30336.2512  4758387    1.80%
  10499  4018        cutoff          30893.6700    30339.0194  4850453    1.80%
  10607  4069        cutoff          30893.6700    30341.4088  4908894    1.79%
Elapsed time = 3903.98 sec. (581634.54 ticks, tree = 391.91 MB, solutions = 1)
  10662  4016    30684.7400   622    30893.6700    30344.7112  4866170    1.78%
  10760  4081    30709.9890   911    30893.6700    30352.1660  4945493    1.75%
  10828  4089        cutoff          30893.6700    30359.6680  4964657    1.73%
  10898  4151    30759.6954   890    30893.6700    30362.9055  5033955    1.72%
  10960  4146    30809.1417  1270    30893.6700    30362.9055  5023552    1.72%
  11013  4182    30717.9592   837    30893.6700    30374.7995  5066963    1.68%
  11096  4198        cutoff          30893.6700    30378.2208  5129882    1.67%
  11172  4174    30824.7452   896    30893.6700    30378.2208  5110341    1.67%
  11261  4219        cutoff          30893.6700    30389.7683  5209729    1.63%
  11342  4256    30780.9517  1126    30893.6700    30391.6817  5186606    1.62%
Elapsed time = 4130.77 sec. (620240.47 ticks, tree = 403.43 MB, solutions = 1)
  11444  4212    30624.2660   771    30893.6700    30391.6817  5274450    1.62%
  11548  4261    30530.1652  1012    30893.6700    30394.5456  5292593    1.62%
  11633  4260    30861.8693  1159    30893.6700    30402.5117  5375178    1.59%

GUB cover cuts applied:  238
Cover cuts applied:  12
Implied bound cuts applied:  244
Flow cuts applied:  315
Mixed integer rounding cuts applied:  3691
Zero-half cuts applied:  191
Lift and project cuts applied:  34
Gomory fractional cuts applied:  34

Root node processing (before b&c):
  Real time             =   96.03 sec. (14815.32 ticks)
Parallel b&c, 4 threads:
  Real time             = 4104.72 sec. (617376.79 ticks)
  Sync time (average)   =  115.33 sec.
  Wait time (average)   =    0.11 sec.
                          ------------
Total (root+branch&cut) = 4200.75 sec. (632192.11 ticks)
