Version identifier: 22.1.1.0 | 2022-11-27 | 9160aff4d
CPXPARAM_Read_DataCheck                          1
CPXPARAM_TimeLimit                               4200
1 of 1 MIP starts provided solutions.
MIP start 'm1' defined initial solution with objective 16362.0800.
Tried aggregator 4 times.
MIP Presolve eliminated 6442 rows and 10327 columns.
MIP Presolve modified 6964 coefficients.
Aggregator did 453 substitutions.
Reduced MIP has 2350 rows, 3370 columns, and 11148 nonzeros.
Reduced MIP has 2540 binaries, 830 generals, 0 SOSs, and 0 indicators.
Presolve time = 0.05 sec. (31.68 ticks)
Probing time = 0.00 sec. (0.92 ticks)
Tried aggregator 6 times.
MIP Presolve eliminated 769 rows and 1108 columns.
MIP Presolve modified 39 coefficients.
Aggregator did 223 substitutions.
Reduced MIP has 1358 rows, 2039 columns, and 6670 nonzeros.
Reduced MIP has 1459 binaries, 580 generals, 0 SOSs, and 0 indicators.
Presolve time = 0.03 sec. (16.74 ticks)
Probing time = 0.00 sec. (1.79 ticks)
Tried aggregator 4 times.
MIP Presolve eliminated 378 rows and 528 columns.
MIP Presolve modified 14 coefficients.
Aggregator did 42 substitutions.
Reduced MIP has 938 rows, 1469 columns, and 4783 nonzeros.
Reduced MIP has 1039 binaries, 430 generals, 0 SOSs, and 0 indicators.
Presolve time = 0.02 sec. (6.88 ticks)
Probing time = 0.00 sec. (1.28 ticks)
Tried aggregator 1 time.
Detecting symmetries...
Reduced MIP has 938 rows, 1469 columns, and 4783 nonzeros.
Reduced MIP has 1039 binaries, 430 generals, 0 SOSs, and 0 indicators.
Presolve time = 0.00 sec. (3.21 ticks)
Probing time = 0.00 sec. (1.28 ticks)
Clique table members: 1840.
MIP emphasis: balance optimality and feasibility.
MIP search method: dynamic search.
Parallel mode: deterministic, using up to 4 threads.
Root relaxation solution time = 0.02 sec. (6.73 ticks)

        Nodes                                         Cuts/
   Node  Left     Objective  IInf  Best Integer    Best Bound    ItCnt     Gap

*     0+    0                        16362.0800        0.0000           100.00%
      0     0     1953.3422    55    16362.0800     1953.3422      516   88.06%
      0     0     5892.1803   165    16362.0800     Cuts: 168      897   63.99%
      0     0     7476.6903   166    16362.0800     Cuts: 144     1127   54.30%
      0     0     7674.7856   144    16362.0800      Cuts: 75     1240   53.09%
      0     0     7849.8977   215    16362.0800      Cuts: 61     1366   52.02%
      0     0     7920.5968   229    16362.0800      Cuts: 54     1455   51.59%
Detecting symmetries...
      0     0     7933.8063   257    16362.0800      Cuts: 47     1516   51.51%
      0     0     7961.8174   266    16362.0800      Cuts: 30     1562   51.34%
      0     0     7986.1655   274    16362.0800      Cuts: 34     1600   51.19%
      0     0     8001.2208   275    16362.0800      Cuts: 30     1657   51.10%
      0     0     8278.5079   312    16362.0800      Cuts: 51     1887   49.40%
      0     0     8353.1983   311    16362.0800      Cuts: 65     2036   48.95%
      0     0     8387.0432   338    16362.0800      Cuts: 38     2152   48.74%
      0     0     8415.5026   331    16362.0800      Cuts: 51     2262   48.57%
      0     0     8425.3661   347    16362.0800      Cuts: 32     2311   48.51%
      0     0     8458.6627   379    16362.0800      Cuts: 23     2375   48.30%
      0     0     8655.2130   361    16362.0800      Cuts: 50     2530   47.10%
      0     0     8780.2891   331    16362.0800      Cuts: 61     2682   46.34%
      0     0     8848.0655   350    16362.0800      Cuts: 44     2796   45.92%
      0     0     9013.7941   359    16362.0800      Cuts: 36     3019   44.91%
      0     0     9040.4901   370    16362.0800      Cuts: 46     3118   44.75%
      0     0     9053.7684   376    16362.0800      Cuts: 18     3175   44.67%
      0     0     9057.6152   372    16362.0800      Cuts: 19     3205   44.64%
      0     0     9059.6959   369    16362.0800      Cuts: 18     3242   44.63%
      0     0     9062.1853   362    16362.0800      Cuts: 12     3272   44.61%
      0     0     9064.8656   364    16362.0800      Cuts: 10     3346   44.60%
      0     0     9066.1855   371    16362.0800      Cuts: 12     3375   44.59%
Detecting symmetries...
      0     2     9066.1855   355    16362.0800     9066.1855     3375   44.59%
Elapsed time = 3.03 sec. (1140.15 ticks, tree = 0.02 MB, solutions = 1)
    179   152    14454.6733   215    16362.0800     9079.2450    14704   44.51%
    333   292    12049.7897   247    16362.0800     9203.6128    26857   43.75%
    588   482    16295.0229    43    16362.0800     9399.1842    41205   42.56%
    815   603    13395.0622   293    16362.0800     9399.1842    50297   42.56%
    980   806    10345.8813   370    16362.0800     9736.0604    66316   40.50%
   1222   984    14028.3408   203    16362.0800    10039.3974    81904   38.64%
   1499  1220    12964.8259   355    16362.0800    10073.9555    93747   38.43%
   1734  1434    12971.8519   189    16362.0800    10167.4912   107565   37.86%
   1907  1582    13755.1188   210    16362.0800    10414.5029   115927   36.35%

Performing restart 1

Repeating presolve.
Tried aggregator 1 time.
MIP Presolve eliminated 2 rows and 3 columns.
MIP Presolve added 2 rows and 0 columns.
Reduced MIP has 938 rows, 1466 columns, and 4773 nonzeros.
Reduced MIP has 1036 binaries, 430 generals, 0 SOSs, and 0 indicators.
Presolve time = 0.02 sec. (2.81 ticks)
Tried aggregator 1 time.
Reduced MIP has 938 rows, 1466 columns, and 4773 nonzeros.
Reduced MIP has 1036 binaries, 430 generals, 0 SOSs, and 0 indicators.
Presolve time = 0.02 sec. (3.29 ticks)
Represolve time = 0.09 sec. (14.37 ticks)
   2420     0     9546.9255   391    16362.0800     Cuts: 334   167124   35.13%
   2420     0     9710.5571   403    16362.0800     Cuts: 334   167468   35.13%
   2420     0     9983.7961   418    16362.0800     Cuts: 334   167994   35.13%
   2420     0    10154.7023   413    16362.0800     Cuts: 334   168269   35.13%
   2420     0    10245.6766   417    16362.0800     Cuts: 334   168641   35.13%
   2420     0    10271.2919   434    16362.0800     Cuts: 334   168897   35.13%
   2420     0    10324.9893   447    16362.0800     Cuts: 239   169187   35.13%
   2420     0    10439.1608   457    16362.0800     Cuts: 334   169483   35.13%
   2420     0    10509.2622   432    16362.0800     Cuts: 334   169698   35.13%
   2420     0    10660.0300   432    16362.0800     Cuts: 334   170065   34.85%
   2420     0    10721.0624   439    16362.0800     Cuts: 334   170309   34.48%
   2420     0    10808.4264   461    16362.0800     Cuts: 334   170526   33.94%
   2420     0    10886.9635   431    16362.0800     Cuts: 334   170814   33.46%
   2420     0    10958.3022   404    16362.0800     Cuts: 334   171079   33.03%
   2420     0    11018.1009   439    16362.0800     Cuts: 291   171385   32.66%
   2420     0    11050.4856   463    16362.0800     Cuts: 334   171627   32.46%
   2420     0    11120.7221   354    16362.0800     Cuts: 309   171929   32.03%
   2420     0    11139.0664   456    16362.0800     Cuts: 332   172117   31.92%
   2420     0    11194.0739   442    16362.0800     Cuts: 334   172414   31.59%
   2420     0    11240.5911   437    16362.0800     Cuts: 323   172741   31.30%
   2420     0    11259.6172   446    16362.0800     Cuts: 334   172974   31.18%
   2420     0    11276.4289   488    16362.0800     Cuts: 241   173175   31.08%
   2420     0    11295.2061   512    16362.0800     Cuts: 285   173424   30.97%
   2420     0    11315.6158   463    16362.0800     Cuts: 273   173614   30.84%
   2420     0    11333.2746   463    16362.0800     Cuts: 232   173802   30.73%
   2420     0    11346.5030   479    16362.0800     Cuts: 190   173975   30.65%
   2420     0    11365.4424   507    16362.0800     Cuts: 222   174147   30.54%
   2420     0    11378.1496   483    16362.0800     Cuts: 253   174310   30.46%
   2420     0    11382.9571   510    16362.0800     Cuts: 196   174428   30.43%
   2420     0    11391.3206   486    16362.0800     Cuts: 127   174558   30.38%
   2420     0    11405.2375   498    16362.0800     Cuts: 185   174717   30.29%
   2420     0    11416.3235   474    16362.0800     Cuts: 187   174861   30.23%
   2420     0    11425.7834   515    16362.0800     Cuts: 208   175006   30.17%
   2420     0    11430.7852   506    16362.0800     Cuts: 153   175185   30.14%
   2420     0    11453.7584   517    16362.0800     Cuts: 155   175380   30.00%
   2420     0    11471.5042   503    16362.0800     Cuts: 302   175560   29.89%
   2420     0    11487.4543   477    16362.0800     Cuts: 218   175764   29.79%
   2420     0    11496.6665   487    16362.0800     Cuts: 171   175940   29.74%
   2420     0    11502.6953   506    16362.0800     Cuts: 243   176100   29.70%
   2420     0    11514.6216   542    16362.0800     Cuts: 135   176287   29.63%
   2420     0    11524.2786   475    16362.0800     Cuts: 218   176440   29.57%
   2420     0    11532.0494   540    16362.0800     Cuts: 167   176594   29.52%
   2420     0    11542.3430   493    16362.0800     Cuts: 192   176792   29.46%
   2420     0    11561.8503   493    16362.0800     Cuts: 115   176956   29.34%
   2420     0    11565.4877   494    16362.0800      Cuts: 73   177043   29.32%
   2420     0    11574.4036   476    16362.0800     Cuts: 104   177159   29.26%
   2420     0    11579.0653   477    16362.0800     Cuts: 273   177332   29.23%
   2420     0    11585.9311   507    16362.0800     Cuts: 186   177477   29.19%
   2420     0    11590.8732   506    16362.0800     Cuts: 172   177641   29.16%
   2420     0    11604.7295   470    16362.0800     Cuts: 148   177794   29.08%
   2420     0    11616.3978   437    16362.0800     Cuts: 134   177984   29.00%
   2420     0    11618.7043   496    16362.0800     Cuts: 334   178197   28.99%
   2420     0    11622.6983   415    16362.0800     Cuts: 204   178355   28.97%
   2420     0    11630.2856   478    16362.0800     Cuts: 308   178575   28.92%
   2420     0    11632.8452   520    16362.0800     Cuts: 172   178723   28.90%
   2420     2    11632.8452   493    16362.0800    11632.8452   178723   28.90%
Elapsed time = 34.02 sec. (9734.10 ticks, tree = 0.02 MB, solutions = 1)
   2501    62    15903.8762   327    16362.0800    11676.6768   189809   28.64%
   2816   299    15247.4850   284    16362.0800    11692.0469   220645   28.54%
   3173   619    14832.0522   271    16362.0800    11880.8389   254311   27.39%
   3611   925    15085.2630   243    16362.0800    12076.2131   287452   26.19%
   4042  1229    15324.8135   172    16362.0800    12650.4151   323694   22.68%
   4409  1587    14650.6340   360    16362.0800    12769.3401   362475   21.96%
   4708  1775    13675.7202   281    16362.0800    12862.3013   396276   21.39%
   5057  2069        cutoff          16362.0800    12893.8609   432450   21.20%
   5297  2255        cutoff          16362.0800    12970.0966   461512   20.73%
   5555  2398    13779.7526   444    16362.0800    13012.9940   492360   20.47%
Elapsed time = 58.27 sec. (19320.94 ticks, tree = 24.29 MB, solutions = 1)
   5815  2598    15533.7532   287    16362.0800    13079.5139   525790   20.06%
   6053  2764    15197.9023   278    16362.0800    13142.8037   554930   19.68%
   6346  2988        cutoff          16362.0800    13180.0790   591830   19.45%
   6556  3094    15138.2041   313    16362.0800    13248.9541   616595   19.03%
   6820  3283    16140.8658   320    16362.0800    13292.6335   649252   18.76%
   7058  3403    15996.5454    95    16362.0800    13341.8090   674834   18.46%
   7377  3636    15513.3003   236    16362.0800    13404.8191   708229   18.07%
   7586  3738    15975.8540   293    16362.0800    13442.2992   732580   17.84%
   7783  3834    16148.8653   275    16362.0800    13463.8369   764084   17.71%
   7981  3996    14591.4058   368    16362.0800    13536.6925   803000   17.27%
Elapsed time = 91.20 sec. (28886.15 ticks, tree = 41.03 MB, solutions = 1)
   8159  4089    15687.2767   314    16362.0800    13602.2185   829641   16.87%
   8508  4213    14214.4683   401    16362.0800    13624.0873   858368   16.73%
   8742  4494    15726.8806   333    16362.0800    13657.6551   894744   16.53%
   9006  4640    15481.4467   298    16362.0800    13677.3422   924319   16.41%
   9301  4720    15439.9598   310    16362.0800    13694.7147   939628   16.30%
   9515  4931    15894.5615   273    16362.0800    13738.1339   979662   16.04%
   9759  5105    16199.6228   242    16362.0800    13758.8415  1011233   15.91%
   9904  5241    15884.7748   291    16362.0800    13764.1007  1044402   15.88%
  10222  5325    14225.2110   517    16362.0800    13777.6952  1063495   15.79%
  10471  5566    15904.0392   447    16362.0800    13795.4844  1110279   15.69%
Elapsed time = 114.39 sec. (38451.22 ticks, tree = 58.30 MB, solutions = 1)
  10630  5599    15873.7664   304    16362.0800    13814.5484  1120529   15.57%
  10833  5714    15754.2756   336    16362.0800    13851.8439  1154765   15.34%
  11157  5941    16310.5955   192    16362.0800    13875.5166  1193647   15.20%
  11416  6066    15999.3077   183    16362.0800    13894.4265  1217387   15.08%
  11675  6201    16305.3615   228    16362.0800    13912.4876  1245222   14.97%
  11938  6327    15469.9937   308    16362.0800    13927.1441  1271988   14.88%
  12241  6500    16088.7777   394    16362.0800    13938.1635  1303016   14.81%
  12500  6800    15947.1298   319    16362.0800    13950.6357  1347488   14.74%
  12765  6850    15384.6619   270    16362.0800    13972.5650  1364038   14.60%
  13032  7001    15769.5320   190    16362.0800    13978.6815  1388647   14.57%
Elapsed time = 136.89 sec. (48022.59 ticks, tree = 76.22 MB, solutions = 1)
  13211  7186    15862.9091   412    16362.0800    14005.5046  1438409   14.40%
  13366  7314    16295.4607   340    16362.0800    14031.3123  1470013   14.24%
  13659  7384    15958.8370   272    16362.0800    14044.3889  1480479   14.17%
  13936  7544    15670.1826   366    16362.0800    14077.9720  1515581   13.96%
  14165  7761    15111.1188   320    16362.0800    14091.9782  1556711   13.87%
  14320  7903    15095.4332   357    16362.0800    14118.8138  1587050   13.71%
  14559  8081    16164.6714   222    16362.0800    14127.6617  1616055   13.66%
  14811  8135    15875.7361   262    16362.0800    14136.7800  1635256   13.60%
  15057  8315    14906.3267   288    16362.0800    14156.7209  1674621   13.48%
  15253  8421    15945.7004   313    16362.0800    14159.9081  1707146   13.46%
Elapsed time = 159.36 sec. (57635.96 ticks, tree = 93.62 MB, solutions = 1)
  15603  8558        cutoff          16362.0800    14178.5580  1737688   13.35%
  15900  8771    16076.4842   313    16362.0800    14188.5949  1771154   13.28%
  16207  8950    16032.1602   356    16362.0800    14200.8365  1800692   13.21%
  16420  9131    15437.4195   301    16362.0800    14214.6229  1851665   13.12%
  16619  9109    15327.2447   407    16362.0800    14225.7830  1851513   13.06%
  16861  9280    15895.8182   355    16362.0800    14240.3364  1891101   12.97%
  17095  9381    14797.8303   439    16362.0800    14266.0172  1921984   12.81%
  17334  9585    15604.3161   241    16362.0800    14287.8472  1972586   12.68%
  17637  9666    15905.6442   286    16362.0800    14293.4638  1981156   12.64%
  17851  9635    15669.1669   254    16362.0800    14301.8396  2002874   12.59%
Elapsed time = 183.78 sec. (67214.72 ticks, tree = 109.33 MB, solutions = 1)
  18136  9931    14906.3075   485    16362.0800    14329.1342  2043951   12.42%
  18384 10107    15934.1675   262    16362.0800    14344.3248  2084060   12.33%
  18611 10265    14893.2647   518    16362.0800    14352.5366  2123285   12.28%
  18762 10323    15438.4978   412    16362.0800    14364.1662  2133233   12.21%
  19092 10565    16324.0160   281    16362.0800    14372.2935  2169923   12.16%
  19378 10750    15043.1921   404    16362.0800    14386.8894  2197536   12.07%
  19630 10910    15600.5944   364    16362.0800    14406.8404  2235865   11.95%
  19874 10932    15395.5064   404    16362.0800    14412.4030  2244543   11.92%
  20034 11103    15552.6315   283    16362.0800    14418.4968  2300222   11.88%
  20198 11145    16240.7730   299    16362.0800    14428.6991  2306641   11.82%
Elapsed time = 207.30 sec. (76786.35 ticks, tree = 131.75 MB, solutions = 1)
  20376 11242    16324.7847   243    16362.0800    14439.0153  2339521   11.75%
  20671 11348    16305.6424   325    16362.0800    14454.9149  2372728   11.66%
  20968 11463    16290.9338   347    16362.0800    14468.4622  2392654   11.57%
  21188 11486        cutoff          16362.0800    14474.0227  2401497   11.54%
  21507 11761        cutoff          16362.0800    14489.5006  2450846   11.44%
  21798 11850    16104.4992   358    16362.0800    14497.1976  2482409   11.40%
  22007 12031    16146.2877   244    16362.0800    14511.2351  2508119   11.31%
  22275 12352    15929.8558   328    16362.0800    14519.2097  2569455   11.26%
  22537 12461    15317.9514   309    16362.0800    14528.5760  2596518   11.21%
  22795 12503        cutoff          16362.0800    14537.6600  2610452   11.15%
Elapsed time = 231.91 sec. (86369.68 ticks, tree = 149.86 MB, solutions = 1)
  23070 12540    15808.2394   340    16362.0800    14544.9503  2619171   11.11%
  23339 12892    16328.5270   314    16362.0800    14554.0565  2685732   11.05%
  23590 12855    15417.4272   257    16362.0800    14557.2674  2680019   11.03%
  23797 13105    16008.7754   332    16362.0800    14567.9988  2747682   10.96%
  23957 13225    16149.5094   289    16362.0800    14571.7541  2765321   10.94%
  24131 13269    15798.6653   355    16362.0800    14582.4962  2793027   10.88%
  24373 13409    16342.7806   287    16362.0800    14598.9026  2821982   10.78%
  24659 13437    16247.4916   223    16362.0800    14614.4409  2847906   10.68%
  24937 13684    16301.1457   294    16362.0800    14626.0914  2902563   10.61%
  25698 14120    16171.7154   201    16362.0800    14657.0073  2998106   10.42%
Elapsed time = 263.78 sec. (98795.30 ticks, tree = 176.00 MB, solutions = 1)
  26589 14567        cutoff          16362.0800    14684.3234  3114189   10.25%
  27566 15157    16026.4255   318    16362.0800    14707.9555  3236749   10.11%
  28551 15474    15898.9197   385    16362.0800    14736.7094  3323222    9.93%
  29460 16157    14959.4921   284    16362.0800    14768.7048  3491854    9.74%
  30442 16628    15965.0450   419    16362.0800    14798.9648  3596955    9.55%
  31405 17128    16332.5423   288    16362.0800    14820.2210  3725857    9.42%
  32160 17525        cutoff          16362.0800    14841.2514  3829494    9.29%
  33088 18103    16266.0402   287    16362.0800    14861.8729  3975977    9.17%
  33883 18418    16285.5521   259    16362.0800    14884.8465  4050563    9.03%
  34956 19193    15913.3533   296    16362.0800    14903.9040  4208736    8.91%
Elapsed time = 358.36 sec. (136977.43 ticks, tree = 252.56 MB, solutions = 1)
  35809 19672    15697.0415   328    16362.0800    14920.8393  4327138    8.81%
  36785 20078    16022.8036   287    16362.0800    14933.2528  4431040    8.73%
  37627 20568    16091.2706   279    16362.0800    14951.9917  4557612    8.62%
  38562 21031    15698.6867   336    16362.0800    14973.1714  4671277    8.49%
  39473 21502    15780.2844   292    16362.0800    14986.6351  4784048    8.41%
  40274 21845    15846.4794   325    16362.0800    14997.7408  4873977    8.34%
  41416 22334        cutoff          16362.0800    15010.0077  4989102    8.26%
  42218 22959        cutoff          16362.0800    15026.2382  5116031    8.16%
  43297 23413        cutoff          16362.0800    15039.0883  5206983    8.09%
  44170 23930    15953.0893   246    16362.0800    15049.9579  5318302    8.02%
Elapsed time = 460.89 sec. (175160.26 ticks, tree = 323.66 MB, solutions = 1)
  45109 24517    16353.4597   276    16362.0800    15062.5880  5448587    7.94%
  46063 25134        cutoff          16362.0800    15074.1934  5596988    7.87%
  47000 25533    16106.3924   288    16362.0800    15087.0920  5682487    7.79%
  47838 26026    15577.8304   312    16362.0800    15098.7617  5816753    7.72%
  48666 26537    15694.2473   277    16362.0800    15110.5769  5931019    7.65%
  49775 27048    15944.6649   362    16362.0800    15115.5930  6023852    7.62%
  50622 27488    15752.3570   305    16362.0800    15124.3928  6122888    7.56%
  51403 27955        cutoff          16362.0800    15134.0720  6268245    7.51%
  52392 28468    16198.7353   235    16362.0800    15142.0995  6392535    7.46%
  53243 28827        cutoff          16362.0800    15152.4603  6476575    7.39%
Elapsed time = 559.27 sec. (213340.22 ticks, tree = 406.16 MB, solutions = 1)
  54247 29289    15844.2000   308    16362.0800    15160.6232  6590811    7.34%
  55123 29852    16031.3340   300    16362.0800    15169.0057  6717498    7.29%
  56028 30271    15970.3752   305    16362.0800    15181.4604  6852766    7.22%
  56936 30749    16081.9538   295    16362.0800    15189.4391  6976134    7.17%
  57696 31008    16305.4624   305    16362.0800    15201.4836  7059230    7.09%
  58527 31384    15457.8650   274    16362.0800    15209.6522  7166407    7.04%
  59396 31858    15655.8605   261    16362.0800    15217.4644  7284816    7.00%
  60242 32224        cutoff          16362.0800    15222.1142  7381051    6.97%
  61173 32641    16170.1725   255    16362.0800    15232.3915  7497319    6.90%
  62059 33182    15965.6528   219    16362.0800    15239.3123  7629979    6.86%
Elapsed time = 657.42 sec. (251543.08 ticks, tree = 475.31 MB, solutions = 1)
  63132 33701    16315.0743   244    16362.0800    15246.9568  7740312    6.82%
  64016 34117    15815.5631   328    16362.0800    15254.8827  7847624    6.77%
  64949 34672    15550.6798   237    16362.0800    15263.5120  7988891    6.71%
  66033 35025    16246.0201   307    16362.0800    15268.8882  8060148    6.68%
  66910 35584    16079.9818   293    16362.0800    15275.8791  8213623    6.64%
  67988 36131    16221.3932   336    16362.0800    15284.8634  8336125    6.58%
  68892 36499        cutoff          16362.0800    15289.5860  8417059    6.55%
  69670 36929    15432.8931   297    16362.0800    15297.9283  8550897    6.50%
  70601 37309    16267.3277   311    16362.0800    15307.5045  8660735    6.45%
  71312 37474    15875.5607   362    16362.0800    15312.3358  8724858    6.42%
Elapsed time = 771.80 sec. (289747.92 ticks, tree = 548.33 MB, solutions = 1)
  72163 37924    15922.0606   299    16362.0800    15319.0810  8859516    6.37%
  73099 38277    15767.5092   253    16362.0800    15324.0477  8963374    6.34%
  73902 38698    15483.3148   289    16362.0800    15329.6168  9075027    6.31%
  74887 39239    15610.7214   352    16362.0800    15337.4885  9221164    6.26%
  75824 39740    15853.8184   205    16362.0800    15343.1064  9347417    6.23%
  76635 40056        cutoff          16362.0800    15348.9863  9430037    6.19%
  77623 40504    16340.0245   437    16362.0800    15355.3517  9563433    6.15%
  78488 40913    15704.0320   348    16362.0800    15360.2157  9677437    6.12%
  79326 41139    15724.4895   364    16362.0800    15365.0536  9757968    6.09%
  80168 41682    16014.4686   248    16362.0800    15374.5818  9929099    6.04%
Elapsed time = 879.11 sec. (327936.30 ticks, tree = 619.80 MB, solutions = 1)
  81091 42020    16044.5010   296    16362.0800    15379.6344 10003915    6.00%
  82062 42449    16233.3105   328    16362.0800    15387.2338 10124190    5.96%
  83012 42893    16002.7411   318    16362.0800    15392.0710 10242565    5.93%
  83785 43279    16249.9919   415    16362.0800    15397.0272 10326562    5.90%
  84905 43751    15685.3337   306    16362.0800    15403.6702 10450598    5.86%
  85756 44116    15904.2972   291    16362.0800    15406.9684 10532773    5.84%
  86699 44718    15655.9075   303    16362.0800    15412.5726 10694619    5.80%
  87722 44941    16187.8495   299    16362.0800    15416.4578 10748902    5.78%
  88555 45547        cutoff          16362.0800    15421.4856 10907416    5.75%
  89577 45884    16291.5877   296    16362.0800    15426.5137 10984979    5.72%
Elapsed time = 985.86 sec. (366107.93 ticks, tree = 692.34 MB, solutions = 1)
  90480 46304    16065.2931   331    16362.0800    15431.1250 11113405    5.69%
  91387 46835    16174.2334   229    16362.0800    15438.0690 11266420    5.65%
  92410 47073    16101.9879   277    16362.0800    15442.2433 11318417    5.62%
  93154 47585    16342.9480   399    16362.0800    15447.6923 11450543    5.59%
  94125 48008    16015.1029   297    16362.0800    15452.4996 11570409    5.56%
  95141 48453    16308.9236   299    16362.0800    15456.9952 11679387    5.53%
  95849 48789        cutoff          16362.0800    15460.0202 11795648    5.51%
  96819 49025    15952.3052   400    16362.0800    15466.5126 11864085    5.47%
  97961 49608    16005.7254   310    16362.0800    15470.1862 12002299    5.45%
  98776 49974        cutoff          16362.0800    15474.6146 12108373    5.42%
Elapsed time = 1095.86 sec. (404277.65 ticks, tree = 764.48 MB, solutions = 1)
  99755 50284    15529.6561   308    16362.0800    15478.7142 12182911    5.40%
 100618 50731    15913.5274   263    16362.0800    15482.9890 12304712    5.37%
 101399 51019    15773.3628   321    16362.0800    15486.7629 12414276    5.35%
 102397 51389    16186.4021   267    16362.0800    15492.3673 12525854    5.32%
 103250 51717        cutoff          16362.0800    15495.6310 12639962    5.30%
 104218 52183    16335.3096   259    16362.0800    15498.7268 12769900    5.28%
 105154 52655    16244.1512   294    16362.0800    15505.8620 12882781    5.23%
 106029 52888    15684.0062   319    16362.0800    15509.6334 12952029    5.21%
 106847 53508        cutoff          16362.0800    15513.5970 13113949    5.19%
 107842 53846    16183.8788   293    16362.0800    15516.8656 13206384    5.17%
Elapsed time = 1227.94 sec. (442456.47 ticks, tree = 832.60 MB, solutions = 1)
 108692 54141        cutoff          16362.0800    15520.1474 13309658    5.15%
 109424 54384    15826.1491   238    16362.0800    15523.7885 13387472    5.12%
 110388 54847        cutoff          16362.0800    15528.2069 13541976    5.10%
 111241 54988    16110.5450   250    16362.0800    15531.2942 13596771    5.08%
 112024 55392    16059.1412   326    16362.0800    15534.1213 13724986    5.06%
 113148 55749        cutoff          16362.0800    15538.6117 13834494    5.03%
 114178 56279        cutoff          16362.0800    15541.5330 13973082    5.01%
 114971 56567    16265.2840   298    16362.0800    15545.8043 14053038    4.99%
 115902 56834        cutoff          16362.0800    15548.6998 14152504    4.97%
 116707 57367    15918.3471   304    16362.0800    15553.8673 14323712    4.94%
Elapsed time = 1336.14 sec. (480634.13 ticks, tree = 890.29 MB, solutions = 1)
 117695 57634    16177.8487   343    16362.0800    15557.2068 14418466    4.92%
 118632 57954        cutoff          16362.0800    15560.2867 14522468    4.90%
 119477 58202        cutoff          16362.0800    15564.8983 14612121    4.87%
 120439 58620    16241.1567   270    16362.0800    15568.1957 14728159    4.85%
 121313 58928    15674.2529   291    16362.0800    15572.1047 14827334    4.83%
 122157 59262    16018.5126   305    16362.0800    15576.1725 14931998    4.80%
 123035 59539    16039.2011   328    16362.0800    15579.2712 15037912    4.78%
 123898 59895        cutoff          16362.0800    15583.9383 15145184    4.76%
 124742 60132    16355.0758   271    16362.0800    15586.6470 15232645    4.74%
 125691 60459    15964.6561   314    16362.0800    15589.7755 15345055    4.72%
Elapsed time = 1443.84 sec. (518821.76 ticks, tree = 944.31 MB, solutions = 1)
 126604 60831        cutoff          16362.0800    15593.3071 15452332    4.70%
 127438 61176    16259.7190   282    16362.0800    15597.4097 15598622    4.67%
 128308 61413    16329.7928   279    16362.0800    15600.9085 15686210    4.65%
 129311 61663        cutoff          16362.0800    15604.8519 15774132    4.63%
 130175 61950    16129.1765   304    16362.0800    15607.5060 15867914    4.61%
 131069 62391    16263.2199   333    16362.0800    15611.1060 16028622    4.59%
 132036 62797    16019.0019   349    16362.0800    15615.7294 16152885    4.56%
 132943 63057    16122.7495   327    16362.0800    15617.6215 16232739    4.55%
 133811 63342    16307.1840   227    16362.0800    15621.1334 16358883    4.53%
 134773 63557    16183.8900   304    16362.0800    15626.1349 16437936    4.50%
Elapsed time = 1559.42 sec. (557023.68 ticks, tree = 994.40 MB, solutions = 1)
 135622 63789    16318.7723   261    16362.0800    15628.9290 16524767    4.48%
 136449 64154    16275.0539   241    16362.0800    15632.3823 16669764    4.46%
 137315 64415        cutoff          16362.0800    15636.3672 16757766    4.44%
 138366 64762    16306.1664   313    16362.0800    15640.3361 16875513    4.41%
 139166 65103        cutoff          16362.0800    15642.3877 16983413    4.40%
 139927 65366        cutoff          16362.0800    15645.4005 17090794    4.38%
 140882 65623    15944.6179   335    16362.0800    15649.4601 17190300    4.36%
 141769 65770    16268.0877   234    16362.0800    15651.6532 17248868    4.34%
 142612 66163    15745.4049   321    16362.0800    15654.2970 17377828    4.33%
 143531 66441    16267.2384   273    16362.0800    15658.1574 17475127    4.30%
Elapsed time = 1678.70 sec. (595208.92 ticks, tree = 1042.63 MB, solutions = 1)
 144426 66642    16323.4661   314    16362.0800    15660.8993 17572657    4.29%
 145303 66890    16310.3802   269    16362.0800    15663.1845 17687174    4.27%
 146225 67287    16197.3859   280    16362.0800    15667.4049 17846055    4.25%
 147177 67578    15832.6021   231    16362.0800    15670.6157 17956814    4.23%
 148010 67706        cutoff          16362.0800    15672.6689 18017284    4.21%
 148867 67960        cutoff          16362.0800    15675.6341 18153051    4.20%
 149759 68266    16152.9946   289    16362.0800    15678.5931 18252531    4.18%
 150772 68448        cutoff          16362.0800    15681.5785 18332467    4.16%
 151678 68699    16055.2603   185    16362.0800    15683.5909 18427051    4.15%
 152482 69120        cutoff          16362.0800    15686.2614 18570305    4.13%
Elapsed time = 1790.11 sec. (633386.42 ticks, tree = 1088.43 MB, solutions = 1)
 153421 69416    15704.2305   218    16362.0800    15689.8666 18698078    4.11%
 154355 69610    16357.2194   233    16362.0800    15692.6507 18771719    4.09%
 155138 69854    15927.4170   319    16362.0800    15694.7264 18876558    4.08%
 156023 70106    16180.6852   214    16362.0800    15697.0265 18979290    4.06%
 157026 70370        cutoff          16362.0800    15701.4849 19079910    4.04%
 157865 70698        cutoff          16362.0800    15704.0257 19221082    4.02%
 158707 70911    16031.5887   309    16362.0800    15705.7308 19293243    4.01%
 159739 71014    16009.9934   271    16362.0800    15708.7929 19365056    3.99%
 160764 71510    16124.0406   367    16362.0800    15711.7109 19524683    3.97%
 161545 71703    16082.4095   321    16362.0800    15713.9227 19614790    3.96%
Elapsed time = 1894.05 sec. (671582.34 ticks, tree = 1129.77 MB, solutions = 1)
 162552 71957    16215.5247   287    16362.0800    15717.1310 19722388    3.94%
 163525 72130        cutoff          16362.0800    15719.5590 19816526    3.93%
 164291 72289        cutoff          16362.0800    15722.3854 19908800    3.91%
*164930+72463                        16350.7600    15723.9739             3.83%
 165265 71762    16028.4412   334    16350.7600    15727.1565 20051263    3.81%
*166130+71985                        16290.2500    15729.8749             3.44%
 166243 71919    16175.5517   372    16290.2500    15729.8749 20105058    3.44%
 167067 65182    16089.5107   294    16290.2500    15733.1947 20258208    3.42%
 167991 65301    15870.2401   315    16290.2500    15735.5617 20290774    3.41%
 168983 65549        cutoff          16290.2500    15738.8340 20449588    3.38%
 169728 65678        cutoff          16290.2500    15741.4666 20533283    3.37%
 170482 65941    16065.3767   281    16290.2500    15745.5950 20682325    3.34%
Elapsed time = 1999.33 sec. (709796.15 ticks, tree = 1039.67 MB, solutions = 3)
 171451 66020    15985.8409   241    16290.2500    15749.1680 20716209    3.32%
 172256 66262    15996.7037   299    16290.2500    15751.6954 20850926    3.31%
 173085 66354    16250.0875   304    16290.2500    15755.0873 20901792    3.29%
*173433+66539                        16253.6300    15757.1141             3.05%
 174020 66529    15998.3968   288    16253.6300    15757.8786 20996390    3.05%
 174931 61052    15920.8236   295    16253.6300    15762.0208 21131150    3.02%
 175770 61224    16212.7052   283    16253.6300    15765.3498 21219206    3.00%
 176759 61338        cutoff          16253.6300    15767.8993 21331850    2.99%
 177715 61469    16174.8850   320    16253.6300    15771.6314 21443456    2.97%
 178612 61587        cutoff          16253.6300    15774.8563 21529653    2.95%
 179586 61769    16241.0764   250    16253.6300    15778.6712 21653733    2.92%
Elapsed time = 2103.98 sec. (748020.13 ticks, tree = 961.74 MB, solutions = 4)
 180559 61851        cutoff          16253.6300    15781.8698 21748941    2.90%
 181390 61868    16241.2874   253    16253.6300    15787.0807 21852367    2.87%
 182364 61945        cutoff          16253.6300    15790.3111 21940631    2.85%
 183399 62067    16182.0846   268    16253.6300    15793.4411 22077625    2.83%
 184302 62140    16041.7489   316    16253.6300    15797.3746 22144924    2.81%
 185237 62162        cutoff          16253.6300    15801.1798 22253647    2.78%
 186234 62188    15895.7990   289    16253.6300    15804.7827 22333523    2.76%
*187004+62274                        16167.3200    15808.3204             2.22%
 187151 47252    15933.9441   342    16167.3200    15809.0693 22461397    2.22%
 188125 47240    16144.4045   385    16167.3200    15813.8430 22569512    2.19%
 189210 47123    16094.6752   327    16167.3200    15817.8738 22688075    2.16%
Elapsed time = 2207.05 sec. (786197.19 ticks, tree = 719.27 MB, solutions = 5)
 190128 46934    15877.1803   431    16167.3200    15821.4124 22767518    2.14%
 191033 46860        cutoff          16167.3200    15823.8037 22792705    2.12%
 192069 46727        cutoff          16167.3200    15826.9412 22911865    2.11%
 193037 46558    16046.3141   326    16167.3200    15833.0981 22977738    2.07%
 193900 46266        cutoff          16167.3200    15837.3404 23074030    2.04%
 194816 45999        cutoff          16167.3200    15842.4257 23178496    2.01%
 195848 45660        cutoff          16167.3200    15847.8866 23290863    1.98%
 196859 45571    16111.2768   278    16167.3200    15852.4169 23333941    1.95%
 197802 45171    16030.9792   268    16167.3200    15857.0659 23478623    1.92%
 198813 45046        cutoff          16167.3200    15861.0493 23507569    1.89%
Elapsed time = 2308.39 sec. (824372.65 ticks, tree = 680.80 MB, solutions = 5)
 199922 44779    16128.1489   341    16167.3200    15865.4311 23603918    1.87%
 200985 44481        cutoff          16167.3200    15869.8201 23710764    1.84%
 201985 44059    16110.4642   306    16167.3200    15875.3249 23832954    1.81%
 203028 43782        cutoff          16167.3200    15879.5568 23888961    1.78%
 204024 43321        cutoff          16167.3200    15886.2354 24026963    1.74%
 205135 43157        cutoff          16167.3200    15890.9032 24083088    1.71%
 206206 42695    15921.8633   296    16167.3200    15896.7679 24167332    1.67%
 207295 42129        cutoff          16167.3200    15901.2134 24291344    1.65%
 208318 41700    16123.3624   154    16167.3200    15905.4297 24382283    1.62%
 209473 41527        cutoff          16167.3200    15909.1768 24412362    1.60%
Elapsed time = 2410.06 sec. (862558.29 ticks, tree = 615.14 MB, solutions = 5)
*209650+41525                        16138.6800    15909.1768             1.42%
*210052+35451                        16040.2800    15910.4706             0.81%
 210913 15875        cutoff          16040.2800    15915.5683 24559039    0.78%
 212776 14475        cutoff          16040.2800    15938.8505 24643346    0.63%
 214788 12743    15979.6791   339    16040.2800    15952.0148 24728828    0.55%
 217109 11015        cutoff          16040.2800    15966.8229 24797503    0.46%
 219724  8500        cutoff          16040.2800    15984.9996 24869253    0.34%
 222694  5682        cutoff          16040.2800    16003.6231 24932710    0.23%
 226487  1817        cutoff          16040.2800    16028.6667 24982899    0.07%

GUB cover cuts applied:  76
Cover cuts applied:  2
Implied bound cuts applied:  249
Flow cuts applied:  145
Mixed integer rounding cuts applied:  1129
Zero-half cuts applied:  119
Lift and project cuts applied:  64
Gomory fractional cuts applied:  13

Root node processing (before b&c):
  Real time             =    3.05 sec. (1133.17 ticks)
Parallel b&c, 4 threads:
  Real time             = 2485.33 sec. (889439.93 ticks)
  Sync time (average)   =   46.94 sec.
  Wait time (average)   =    0.02 sec.
                          ------------
Total (root+branch&cut) = 2488.38 sec. (890573.10 ticks)
