Version identifier: 22.1.1.0 | 2022-11-27 | 9160aff4d
CPXPARAM_Read_DataCheck                          1
CPXPARAM_TimeLimit                               14400
1 of 1 MIP starts provided solutions.
MIP start 'm1' defined initial solution with objective 90385.2200.
Tried aggregator 7 times.
MIP Presolve eliminated 8972 rows and 13711 columns.
MIP Presolve added 612 rows and 0 columns.
MIP Presolve modified 27251 coefficients.
Aggregator did 1032 substitutions.
Reduced MIP has 12258 rows, 17007 columns, and 59644 nonzeros.
Reduced MIP has 10887 binaries, 6120 generals, 0 SOSs, and 0 indicators.
Presolve time = 0.28 sec. (154.46 ticks)
Probing time = 0.05 sec. (5.10 ticks)
Tried aggregator 6 times.
MIP Presolve eliminated 1919 rows and 2619 columns.
MIP Presolve modified 153 coefficients.
Aggregator did 936 substitutions.
Reduced MIP has 9403 rows, 13452 columns, and 47046 nonzeros.
Reduced MIP has 7872 binaries, 5580 generals, 0 SOSs, and 0 indicators.
Presolve time = 0.14 sec. (83.69 ticks)
Probing time = 0.03 sec. (4.06 ticks)
Tried aggregator 5 times.
Detecting symmetries...
MIP Presolve eliminated 348 rows and 301 columns.
MIP Presolve modified 51 coefficients.
Aggregator did 163 substitutions.
Reduced MIP has 8892 rows, 12988 columns, and 45303 nonzeros.
Reduced MIP has 7408 binaries, 5580 generals, 0 SOSs, and 0 indicators.
Presolve time = 0.25 sec. (155.47 ticks)
Probing time = 0.09 sec. (4.82 ticks)
Clique table members: 14240.
MIP emphasis: balance optimality and feasibility.
MIP search method: dynamic search.
Parallel mode: deterministic, using up to 4 threads.
Root relaxation solution time = 0.53 sec. (259.08 ticks)

        Nodes                                         Cuts/
   Node  Left     Objective  IInf  Best Integer    Best Bound    ItCnt     Gap

*     0+    0                        90385.2200        0.0000           100.00%
      0     0    14739.9997   514    90385.2200    14739.9997     7681   83.69%
*     0+    0                        90046.7500    14739.9997            83.63%
      0     0    24461.0058  1321    90046.7500    Cuts: 1078    11539   72.84%
      0     0    30530.0859  1487    90046.7500     Cuts: 907    14319   66.10%
      0     0    32387.7863  1748    90046.7500     Cuts: 627    16551   64.03%
*     0+    0                        88690.2500    32387.7863            63.48%
      0     0  -1.00000e+75     0    88690.2500    32387.7863    16551   63.48%
      0     0    34382.1443  1686    88690.2500     Cuts: 501    17748   61.23%
      0     0    35147.5154  1900    88690.2500     Cuts: 362    19094   60.37%
Detecting symmetries...
      0     0    35773.7376  2091    88690.2500     Cuts: 290    20329   59.66%
      0     0    36201.8065  2219    88690.2500     Cuts: 327    21734   59.18%
      0     0    37445.8914  2254    88690.2500     Cuts: 364    23542   57.78%
      0     0    37772.5589  2320    88690.2500     Cuts: 305    24701   57.41%
      0     0    37971.9083  2545    88690.2500     Cuts: 265    25714   57.19%
      0     0    38192.4996  2687    88690.2500     Cuts: 239    26833   56.94%
      0     0    38302.9903  2600    88690.2500     Cuts: 240    27696   56.81%
      0     0    38446.5064  2600    88690.2500     Cuts: 189    28502   56.65%
      0     0    38740.4337  2709    88690.2500     Cuts: 158    29573   56.32%
      0     0    38876.4553  2715    88690.2500     Cuts: 267    30456   56.17%
      0     0    38973.2378  2729    88690.2500     Cuts: 154    31192   56.06%
      0     0    39006.8197  2686    88690.2500     Cuts: 180    31788   56.02%
*     0+    0                        88673.9100    39006.8197            56.01%
      0     0    39062.2295  2847    88673.9100     Cuts: 169    32380   55.95%
      0     0    39113.9488  2924    88673.9100     Cuts: 141    32925   55.89%
      0     0    39165.9643  2940    88673.9100     Cuts: 131    33392   55.83%
      0     0    39206.6982  2907    88673.9100      Cuts: 90    33776   55.79%
      0     0    39237.3816  2967    88673.9100      Cuts: 92    34241   55.75%
      0     0    39253.9300  3000    88673.9100      Cuts: 84    34637   55.73%
      0     0    39279.5104  2896    88673.9100     Cuts: 106    35072   55.70%
      0     0    39311.9532  2935    88673.9100     Cuts: 117    35513   55.67%
      0     0    39329.7716  2932    88673.9100     Cuts: 137    35883   55.65%
      0     0    39334.9449  2942    88673.9100      Cuts: 78    36096   55.64%
      0     0    39355.2939  2918    88673.9100      Cuts: 47    36516   55.62%
      0     0    39390.1354  2870    88673.9100     Cuts: 126    36995   55.58%
      0     0    39417.3492  2881    88673.9100     Cuts: 114    37558   55.55%
      0     0    39430.1716  2883    88673.9100      Cuts: 78    37904   55.53%
      0     0    39449.1897  2915    88673.9100     Cuts: 106    38266   55.51%
      0     0    39455.4665  2886    88673.9100      Cuts: 72    38519   55.50%
*     0+    0                        88070.9500    39455.4665            55.20%
Detecting symmetries...
      0     2    39455.4665  2829    88070.9500    39460.2082    38519   55.19%
Elapsed time = 71.86 sec. (18492.15 ticks, tree = 0.02 MB, solutions = 5)
      1     3    40489.9750  2715    88070.9500    39460.2082    42809   55.19%
*     2+    1                        88054.6100    39460.2082            55.19%
      2     3    39772.1128  2783    88054.6100    39460.2082    41310   55.19%
      4     5    39865.5625  2787    88054.6100    39772.1128    46672   54.83%
      7     5    39865.4736  2821    88054.6100    39772.1128    46590   54.83%
     12    11    41440.3796  2652    88054.6100    39866.5129    51797   54.73%
     15    12    40670.8316  2826    88054.6100    39866.5129    53453   54.73%
     18    19    42846.9147  2678    88054.6100    39866.5129    60232   54.73%
     19    14    40880.2892  2861    88054.6100    39866.5129    58468   54.73%
*    20+    2                        87857.6000    39866.5129            54.62%
     20     4    42603.5553  2702    87857.6000    39866.5129    47673   54.62%
     26    20    44283.4742  2605    87857.6000    39866.5129    61439   54.62%
Elapsed time = 89.70 sec. (23146.48 ticks, tree = 0.07 MB, solutions = 8)
     37    31    43512.3135  2704    87857.6000    39866.5129    86613   54.62%
     46    37    45159.2109  2546    87857.6000    39866.5129    96483   54.62%
     53    50    47301.6917  2159    87857.6000    39866.5129   111666   54.62%
     63    51    48117.9007  2227    87857.6000    39866.5129   115209   54.62%
     80    67    49167.2754  1929    87857.6000    39866.5129   127012   54.62%
     95    94    51259.5930  2365    87857.6000    39866.5129   151877   54.62%
    111    99    50473.7240  1906    87857.6000    39866.5129   154308   54.62%
    142   123    53671.5163  2235    87857.6000    39866.5129   174102   54.62%
    163   153    55428.4017  2275    87857.6000    39866.5129   184437   54.62%
    181   154    49852.9491  2332    87857.6000    39866.5129   195132   54.62%
Elapsed time = 138.69 sec. (33170.66 ticks, tree = 0.49 MB, solutions = 8)
    201   160    52639.6659  1655    87857.6000    39866.5129   201026   54.62%
    216   208    54520.6105  2066    87857.6000    39866.5129   236300   54.62%
    246   219    54993.7443  1498    87857.6000    39866.5129   250469   54.62%
    271   235    56589.5872  1847    87857.6000    39866.5129   262461   54.62%
    317   248    58127.5921  1772    87857.6000    39866.5129   265589   54.62%
    343   313    63475.8965  1804    87857.6000    39866.5129   288510   54.62%
    384   294    61750.4886  1646    87857.6000    39866.5129   285866   54.62%
    436   384    65236.8922  1498    87857.6000    39866.5129   311374   54.62%
    506   386    79029.1887  1353    87857.6000    39866.5129   311144   54.62%
    538   442    81034.1935  1016    87857.6000    39866.5129   325480   54.62%
Elapsed time = 189.53 sec. (43372.87 ticks, tree = 2.09 MB, solutions = 8)
    579   534    73273.5967  1460    87857.6000    39866.5129   359182   54.62%
    653   497    69358.8892  1862    87857.6000    39866.5129   349214   54.62%
    709   605    75000.1687  1353    87857.6000    39866.5129   373864   54.62%
    768   626    77591.9814  1346    87857.6000    39866.5129   379015   54.62%
    820   654    41107.0565  2688    87857.6000    39866.5129   403265   54.62%
    836   733    76236.5193  1603    87857.6000    39866.5129   422190   54.62%
    845   791    41329.5556  2647    87857.6000    39866.5129   440252   54.62%
    858   801    42424.8835  2589    87857.6000    39866.5129   461568   54.62%
    865   821    78920.5824  1576    87857.6000    39866.5129   468329   54.62%
    880   835    80637.3905  1366    87857.6000    39866.5129   487843   54.62%
Elapsed time = 238.41 sec. (53481.51 ticks, tree = 4.37 MB, solutions = 8)
    893   846    81732.5749  1354    87857.6000    39866.5129   492923   54.62%
    927   885    82470.8178  1320    87857.6000    39866.5129   512549   54.62%
    943   855    53161.4148  2347    87857.6000    39866.5129   507480   54.62%
    957   870    44375.0444  2594    87857.6000    39928.5055   536617   54.55%
    974   931    60443.1909  2332    87857.6000    39928.5055   574984   54.55%
    987   940    56588.4587  2242    87857.6000    39928.5055   580317   54.55%
   1000   943    51459.1414  2288    87857.6000    39928.5055   599695   54.55%
   1010   946    50049.5186  2471    87857.6000    39928.5055   609634   54.55%
   1020   963    60049.5491  2127    87857.6000    39928.5055   618755   54.55%
   1045   987    56396.6518  2043    87857.6000    39928.5055   636665   54.55%
Elapsed time = 287.70 sec. (63823.11 ticks, tree = 5.33 MB, solutions = 8)
   1079   990    56963.5740  1997    87857.6000    39928.5055   640701   54.55%
   1103  1039    67827.3151  1869    87857.6000    39928.5055   664482   54.55%
   1125  1046    53463.9969  2354    87857.6000    39928.5055   675241   54.55%
   1148  1058    59123.7549  2003    87857.6000    39928.5055   687401   54.55%
   1169  1071    59615.6312  1877    87857.6000    39928.5055   691744   54.55%
   1183  1069    49550.8883  2290    87857.6000    39928.5055   703636   54.55%

Performing restart 1

Repeating presolve.
Tried aggregator 1 time.
Reduced MIP has 8892 rows, 12988 columns, and 45303 nonzeros.
Reduced MIP has 7408 binaries, 5580 generals, 0 SOSs, and 0 indicators.
Presolve time = 0.03 sec. (23.21 ticks)
Tried aggregator 1 time.
Reduced MIP has 8892 rows, 12988 columns, and 45303 nonzeros.
Reduced MIP has 7408 binaries, 5580 generals, 0 SOSs, and 0 indicators.
Presolve time = 0.06 sec. (29.66 ticks)
Represolve time = 0.27 sec. (123.75 ticks)
*  1184+    0                        87371.6600    39928.5055            54.30%
   1184     0    40932.6020  2853    87371.6600    Cuts: 2323   752966   53.15%
   1184     0    42298.0677  3131    87371.6600    Cuts: 2323   758787   51.59%
   1184     0    43814.5332  3134    87371.6600    Cuts: 2323   763705   49.85%
*  1184+    0                        87302.9700    43814.5332            49.81%
   1184     0    44852.0453  3034    87302.9700    Cuts: 2323   767642   48.62%
   1184     0    45708.9235  3310    87302.9700    Cuts: 2323   771455   47.64%
   1184     0    46709.7239  3400    87302.9700    Cuts: 2323   775193   46.50%
   1184     0    47610.0768  3207    87302.9700    Cuts: 2323   779443   45.47%
   1184     0    48104.1287  3498    87302.9700    Cuts: 2323   782689   44.90%
   1184     0    48450.8913  3187    87302.9700    Cuts: 2323   785767   44.50%
   1184     0    48805.3996  3307    87302.9700    Cuts: 2323   788908   44.10%
   1184     0    49245.9661  3231    87302.9700    Cuts: 2323   792114   43.59%
   1184     0    49736.2695  3208    87302.9700    Cuts: 2323   795311   43.03%
   1184     0    50071.5890  3165    87302.9700    Cuts: 2323   797977   42.65%
   1184     0    50320.8797  3246    87302.9700    Cuts: 2323   801124   42.36%
   1184     0    50451.8048  3246    87302.9700    Cuts: 2323   803241   42.21%
   1184     0    50566.1891  3479    87302.9700    Cuts: 2241   805533   42.08%
   1184     0    50720.7321  3476    87302.9700    Cuts: 2272   808066   41.90%
   1184     0    50884.7653  3321    87302.9700    Cuts: 2132   810690   41.71%
   1184     0    50984.6244  3439    87302.9700    Cuts: 2124   812589   41.60%
   1184     0    51058.7701  3411    87302.9700    Cuts: 1840   814355   41.52%
   1184     0    51115.0014  3511    87302.9700    Cuts: 1672   816107   41.45%
   1184     0    51180.0314  3338    87302.9700    Cuts: 1683   817768   41.38%
   1184     0    51247.6812  3322    87302.9700    Cuts: 1591   819455   41.30%
   1184     0    51306.3747  3268    87302.9700    Cuts: 1712   821240   41.23%
   1184     0    51374.1193  3373    87302.9700    Cuts: 2035   822773   41.15%
   1184     0    51471.1578  3406    87302.9700    Cuts: 1686   824399   41.04%
   1184     0    51524.0141  3395    87302.9700    Cuts: 1950   825905   40.98%
   1184     0    51584.0263  3425    87302.9700    Cuts: 1584   827232   40.91%
   1184     0    51629.3672  3349    87302.9700    Cuts: 1599   828385   40.86%
   1184     0    51689.3950  3381    87302.9700    Cuts: 1465   829750   40.79%
   1184     0    51720.9729  3518    87302.9700    Cuts: 1386   830997   40.76%
   1184     0    51765.0946  3472    87302.9700    Cuts: 1353   832259   40.71%
   1184     0    51800.4374  3542    87302.9700    Cuts: 1231   833548   40.67%
   1184     0    51835.2047  3531    87302.9700    Cuts: 1680   835076   40.63%
   1184     0    51882.9506  3461    87302.9700    Cuts: 1275   836273   40.57%
   1184     0    51952.7649  3419    87302.9700    Cuts: 1750   837603   40.49%
   1184     0    51985.8149  3440    87302.9700    Cuts: 1450   838921   40.45%
   1184     0    52015.7960  3436    87302.9700    Cuts: 1162   840072   40.42%
*  1184+    0                        86898.1500    52015.7960            40.14%
   1184     0    52037.7635  3511    86898.1500    Cuts: 1357   841350   40.12%
*  1184+    0                        86751.2000    52037.7635            40.01%
*  1184+    0                        86654.3000    52037.7635            39.95%
*  1184+    0                        86637.9400    52037.7635            39.94%
*  1184+    0                        86569.2500    52037.7635            39.89%
   1184     0  -1.00000e+75     0    86569.2500    52037.7635   841350   39.89%
*  1184+    0                        85816.1800    52037.7635            39.36%
   1184     0    52570.3954  3372    85816.1800    Cuts: 1356   845618   38.74%
   1184     0    52845.3651  3217    85816.1800    Cuts: 2323   848627   38.42%
   1184     0    53033.4666  3343    85816.1800    Cuts: 2323   850960   38.20%
*  1184+    0                        85545.8400    53033.4666            38.01%
*  1184+    0                        85433.7100    53033.4666            37.92%
   1184     0  -1.00000e+75     0    85433.7100    53033.4666   850960   37.92%
   1184     0    53116.8442  3177    85433.7100    Cuts: 2323   852844   37.83%
   1184     0    53212.1392  3066    85433.7100    Cuts: 2323   854608   37.72%
   1184     0    53260.9767  3266    85433.7100    Cuts: 2323   856166   37.66%
*  1184+    0                        85301.0000    53260.9767            37.56%
   1184     0    53318.6246  3261    85301.0000    Cuts: 2145   858216   37.49%
   1184     0    53354.8551  3331    85301.0000    Cuts: 2323   859725   37.45%
   1184     0    53385.0896  3331    85301.0000    Cuts: 1819   860956   37.42%
   1184     0    53412.6470  3346    85301.0000    Cuts: 1615   862375   37.38%
   1184     0    53425.1429  3364    85301.0000    Cuts: 1577   863342   37.37%
*  1184+    0                        85245.3400    53425.1429            37.33%
   1184     0    53447.0811  3286    85245.3400    Cuts: 1102   864994   37.30%
   1184     0    53454.1130  3378    85245.3400    Cuts: 2323   865909   37.29%
   1184     0    53472.6060  3240    85245.3400    Cuts: 1960   867327   37.27%
   1184     0    53478.2267  3380    85245.3400    Cuts: 2323   868256   37.27%
   1184     0    53496.4920  3351    85245.3400    Cuts: 1475   869713   37.24%
*  1184+    0                        85093.8500    53496.4920            37.13%
   1184     2    53496.4920  3206    85093.8500    53496.4920   869713   37.13%
   1190     3    54913.2821  2869    85093.8500    53503.4421   870466   37.12%
   1194    12    54255.8530  2949    85093.8500    53503.4421   871856   37.12%
   1208    24    54492.4499  2761    85093.8500    53503.4421   876310   37.12%
Elapsed time = 841.81 sec. (202568.18 ticks, tree = 1.30 MB, solutions = 21)
   1214     4    54370.1634  3128    85093.8500    53503.4421   870756   37.12%
   1217    31    54670.8065  3109    85093.8500    53503.4421   881626   37.12%
   1221    37    54215.5627  3053    85093.8500    53503.4421   886668   37.12%
   1242    44    54899.5840  2970    85093.8500    53503.4421   897438   37.12%
   1253    54    54509.6667  2982    85093.8500    53503.4421   908045   37.12%
   1264    63    55102.0773  2884    85093.8500    53503.4421   909982   37.12%
   1289    84    54873.1388  2914    85093.8500    53503.4421   914026   37.12%
   1299    92    55384.7740  2910    85093.8500    53503.4421   917285   37.12%
   1311    97    56374.6161  2712    85093.8500    53503.4421   918834   37.12%
   1328    97    54745.7070  2965    85093.8500    53503.4421   918419   37.12%
Elapsed time = 903.84 sec. (216937.20 ticks, tree = 5.95 MB, solutions = 21)
   1348   143    54833.0834  2939    85093.8500    53503.4421   932577   37.12%
   1360   145    55117.3107  2868    85093.8500    53503.4421   933826   37.12%
   1375   154    58931.6050  2894    85093.8500    53503.4421   936862   37.12%
   1390   184    56791.6430  2907    85093.8500    53503.4421   944354   37.12%
   1405   197    55057.8085  2883    85093.8500    53503.4421   948966   37.12%
   1427   209    54966.1909  3106    85093.8500    53503.4421   950977   37.12%
   1449   217    55109.9778  3012    85093.8500    53503.4421   953074   37.12%
   1474   231    55654.5310  2870    85093.8500    53503.4421   955144   37.12%
   1488   275    55674.1145  2875    85093.8500    53503.4421   966579   37.12%
   1494   237    55671.1314  3024    85093.8500    53503.4421   959021   37.12%
Elapsed time = 947.28 sec. (227053.93 ticks, tree = 16.84 MB, solutions = 21)
   1504   294    58781.3769  2925    85093.8500    53503.4421   971095   37.12%
   1536   306    56534.1976  2964    85093.8500    53503.4421   973109   37.12%
   1552   340    56999.8076  2975    85093.8500    53503.4421   982456   37.12%
   1562   341    56649.2511  2867    85093.8500    53503.4421   983125   37.12%
   1580   350    55259.9985  2862    85093.8500    53503.4421   984670   37.12%
   1598   367    56063.0632  2854    85093.8500    53503.4421   989776   37.12%
   1612   362    56721.0114  3025    85093.8500    53503.4421   987590   37.12%
   1630   387    55851.4337  2816    85093.8500    53503.4421   994356   37.12%
   1654   434    57166.9772  2810    85093.8500    53503.4421  1013702   37.12%
   1689   426    58281.0315  2934    85093.8500    53503.4421  1004410   37.12%
Elapsed time = 994.72 sec. (237703.61 ticks, tree = 33.78 MB, solutions = 21)
   1698   449    55891.4994  2852    85093.8500    53503.4421  1020972   37.12%
   1714   485    58432.1897  2930    85093.8500    53503.4421  1030797   37.12%
   1741   459    55933.7773  2839    85093.8500    53503.4421  1025702   37.12%
   1773   521    57823.1023  2871    85093.8500    53503.4421  1045235   37.12%
   1808   526    57530.1472  2802    85093.8500    53503.4421  1047373   37.12%
   1825   531    57844.4297  2820    85093.8500    53503.4421  1049463   37.12%
   1844   586    61023.7331  2829    85093.8500    53503.4421  1064282   37.12%
   1869   601    61483.8808  2753    85093.8500    53503.4421  1066518   37.12%
   1888   567    58517.5002  2770    85093.8500    53503.4421  1063795   37.12%
   1974   648    58981.3225  2711    85093.8500    53503.4421  1081936   37.12%
Elapsed time = 1050.00 sec. (250882.74 ticks, tree = 54.35 MB, solutions = 21)
   2089   793    75183.8098  2630    85093.8500    53503.4421  1113692   37.12%
   2233   969    57793.0998  2733    85093.8500    53503.4421  1150097   37.12%
   2345  1115    75587.3343  2641    85093.8500    53503.4421  1193690   37.12%
   2426  1209    77843.3025  2606    85093.8500    53503.4421  1216269   37.12%
   2506  1292    75580.9795  2578    85093.8500    53503.4421  1236928   37.12%
   2586  1339    63803.2942  2470    85093.8500    53503.4421  1253218   37.12%
   2694  1419    77037.5537  2553    85093.8500    53503.4421  1282159   37.12%
   2819  1499    64617.1892  2528    85093.8500    53503.4421  1305901   37.12%
   2915  1598    66943.5357  2596    85093.8500    53503.4421  1328308   37.12%
   3061  1755    83313.3192  2289    85093.8500    53533.8276  1364534   37.09%
Elapsed time = 1218.98 sec. (289522.44 ticks, tree = 159.01 MB, solutions = 21)
   3158  1803    71441.1566  2683    85093.8500    53533.8276  1377701   37.09%
   3299  2001    70002.2332  2712    85093.8500    53533.8276  1424088   37.09%
   3335  2004    70547.2651  2617    85093.8500    53533.8276  1426267   37.09%
   3399  2077    71524.3145  2543    85093.8500    53533.8276  1459386   37.09%
   3479  2199    79339.6065  2512    85093.8500    53533.8276  1506290   37.09%
   3558  2282    71893.8941  2282    85093.8500    53533.8276  1537907   37.09%
   3655  2339    58231.6179  2745    85093.8500    53533.8276  1560790   37.09%
   3732  2406    62206.9568  2597    85093.8500    53795.0743  1577262   36.78%
   3782  2510    73718.3149  2234    85093.8500    53795.0743  1603463   36.78%
   3865  2514    59730.6351  3065    85093.8500    53795.0743  1615947   36.78%
Elapsed time = 1391.75 sec. (328593.45 ticks, tree = 233.14 MB, solutions = 21)
   3933  2660    76676.2995  2169    85093.8500    53795.0743  1650629   36.78%
   4017  2751    77774.2592  2142    85093.8500    53795.0743  1684525   36.78%
   4144  2778    80468.2285  2108    85093.8500    53795.0743  1693452   36.78%
   4281  2883    82816.3210  2013    85093.8500    53795.0743  1720146   36.78%
   4358  2928    63084.7252  2804    85093.8500    53795.0743  1738481   36.78%
   4438  3099    61536.9826  2578    85093.8500    53839.2749  1787011   36.73%
   4490  3193    62851.0180  2398    85093.8500    53864.3746  1824049   36.70%
   4560  3230    66933.0096  2581    85093.8500    53864.3746  1838849   36.70%
   4612  3241    58918.9487  2954    85093.8500    53864.3746  1857666   36.70%
   4671  3339    57005.4598  3145    85093.8500    53864.3746  1897668   36.70%
Elapsed time = 1565.88 sec. (367554.98 ticks, tree = 316.67 MB, solutions = 21)
   4754  3453    73689.2849  2059    85093.8500    53864.3746  1927525   36.70%
   4823  3464    71135.9696  2471    85093.8500    53864.3746  1949611   36.70%
   4916  3553    74670.6658  2349    85093.8500    53864.3746  1990064   36.70%
   5015  3650    64455.0988  3134    85093.8500    53864.3746  2025109   36.70%
   5073  3743    66506.7421  2971    85093.8500    53864.3746  2053835   36.70%
   5132  3688    65666.2965  2496    85093.8500    53864.3746  2044001   36.70%
   5164  3845    80916.9902  2272    85093.8500    53864.3746  2094241   36.70%
   5222  3849    69081.1039  2796    85093.8500    53864.3746  2100848   36.70%
   5268  3942    67756.0661  2551    85093.8500    53864.3746  2146685   36.70%
   5299  3962    68667.8593  2494    85093.8500    54099.1608  2154439   36.42%
Elapsed time = 1764.45 sec. (406674.38 ticks, tree = 381.48 MB, solutions = 21)
   5325  3999    69426.5367  2478    85093.8500    54099.1608  2174891   36.42%
   5358  4013    58464.2826  3419    85093.8500    54099.1608  2194510   36.42%
   5398  4058    61295.2945  3114    85093.8500    54099.1608  2223237   36.42%
   5443  4115    71873.8130  2398    85093.8500    54099.1608  2271402   36.42%
   5531  4154    76629.3374  2482    85093.8500    54099.1608  2279333   36.42%
   5594  4245    75859.7834  2415    85093.8500    54099.1608  2327366   36.42%
   5690  4281    79107.1199  2312    85093.8500    54099.1608  2335420   36.42%
   5783  4265    56365.7791  3308    85093.8500    54099.1608  2351493   36.42%
   5863  4366    75941.3451  2641    85093.8500    54099.1608  2376877   36.42%
   5909  4560    60832.2261  3056    85093.8500    54099.1608  2441688   36.42%
Elapsed time = 2065.34 sec. (445830.01 ticks, tree = 445.84 MB, solutions = 21)
   5925  4567    57343.5577  3372    85093.8500    54260.7880  2451624   36.23%
   5942  4573    59073.3033  3389    85093.8500    54260.7880  2458620   36.23%
   5960  4616    60960.8065  3349    85093.8500    54355.1018  2505890   36.12%
   5998  4639    72157.0451  2866    85093.8500    54355.1018  2522511   36.12%
   6070  4682    81571.6938  2726    85093.8500    54355.1018  2530082   36.12%
   6126  4624    55506.0038  3394    85093.8500    54355.1018  2542119   36.12%
   6152  4757    66873.4943  3169    85093.8500    54355.1018  2594365   36.12%
   6193  4820    72379.7806  3081    85093.8500    54433.1576  2638472   36.03%
   6246  4862    80389.9728  3102    85093.8500    54433.1576  2668409   36.03%
   6334  4912    75621.6735  2877    85093.8500    54433.1576  2695497   36.03%
Elapsed time = 2322.16 sec. (484758.59 ticks, tree = 484.19 MB, solutions = 21)
   6420  4964    65129.0840  3133    85093.8500    54433.1576  2724528   36.03%
   6488  5076    80521.8423  2844    85093.8500    54433.1576  2754764   36.03%
   6523  5012    58919.5677  3426    85093.8500    54433.1576  2751060   36.03%
   6532  5144    60318.9703  3394    85093.8500    54444.5032  2798157   36.02%
   6554  5170    59447.1127  3551    85093.8500    54492.7506  2830865   35.96%
   6577  5175    60451.6931  3438    85093.8500    54493.7867  2847293   35.96%
   6603  5181    61254.1861  3380    85093.8500    54493.7867  2853879   35.96%
   6644  5205    63282.2556  3456    85093.8500    54493.7867  2880365   35.96%
   6695  5242    65367.1638  3337    85093.8500    54493.7867  2911188   35.96%
   6736  5272    63591.6564  3512    85093.8500    54493.7867  2941548   35.96%
Elapsed time = 2554.84 sec. (524571.48 ticks, tree = 523.36 MB, solutions = 21)
   6808  5363    73844.7342  3048    85093.8500    54493.7867  2980565   35.96%
   6902  5392    84330.6323  3276    85093.8500    54493.7867  2998378   35.96%
   6992  5513    83642.4279  2609    85093.8500    54493.7867  3032867   35.96%
   7065  5527    73297.0833  2956    85093.8500    54493.7867  3050190   35.96%
   7116  5548    74050.3856  2817    85093.8500    54509.6727  3055011   35.94%
   7204  5664    59541.2686  3248    85093.8500    54509.6727  3106213   35.94%
   7239  5719    63525.9247  3102    85093.8500    54509.6727  3136131   35.94%
   7264  5754    61734.2193  3112    85093.8500    54538.8442  3152729   35.91%
   7311  5784    66671.3068  2850    85093.8500    54561.7950  3175445   35.88%
   7354  5912    68058.2123  2786    85093.8500    54561.7950  3234022   35.88%
Elapsed time = 2865.11 sec. (563161.96 ticks, tree = 595.00 MB, solutions = 21)
   7420  5974    70851.4532  2866    85093.8500    54561.7950  3267521   35.88%
   7471  6032    70460.2285  2877    85093.8500    54561.7950  3302599   35.88%
   7520  6070    79230.8139  2930    85093.8500    54561.7950  3324208   35.88%
   7620  6025    84662.8553  2771    85093.8500    54561.7950  3300956   35.88%
   7674  6213    82237.0145  2615    85093.8500    54561.7950  3363947   35.88%
   7717  6259    57280.4863  3310    85093.8500    54618.0635  3403615   35.81%
   7728  6261    57705.0093  3142    85093.8500    54618.0635  3410474   35.81%
   7742  6312    68069.2725  3300    85093.8500    54657.9498  3457551   35.77%
   7759  6305    58581.5097  3283    85093.8500    54657.9498  3447179   35.77%
   7787  6322    67628.9278  3338    85093.8500    54657.9498  3471491   35.77%
Elapsed time = 3197.23 sec. (601911.22 ticks, tree = 639.76 MB, solutions = 21)
   7821  6364    70158.3675  2943    85093.8500    54657.9498  3534040   35.77%
   7868  6381    73334.3423  2998    85093.8500    54657.9498  3541391   35.77%
   7916  6403    66642.8892  2886    85093.8500    54657.9498  3571764   35.77%
   7978  6415    67614.8582  2726    85093.8500    54657.9498  3579402   35.77%
   8016  6465    68060.6946  2801    85093.8500    54657.9498  3602143   35.77%
   8046  6570    78591.5664  2583    85093.8500    54657.9498  3663493   35.77%
   8082  6514    74776.0790  2099    85093.8500    54657.9498  3641467   35.77%
   8133  6645    76055.8620  2613    85093.8500    54657.9498  3703964   35.77%
   8196  6699    80958.2700  2525    85093.8500    54657.9498  3732386   35.77%
   8283  6749    74986.3562  2662    85093.8500    54657.9498  3750985   35.77%
Elapsed time = 3539.36 sec. (641073.89 ticks, tree = 688.23 MB, solutions = 21)
   8403  6762    75343.5295  2592    85093.8500    54657.9498  3758548   35.77%
   8466  6857    85014.2648  2386    85093.8500    54657.9498  3796744   35.77%
   8531  6876    82188.1259  2292    85093.8500    54691.9537  3793309   35.73%
   8603  7090    83204.1106  2408    85093.8500    54691.9537  3866211   35.73%
   8689  7127    84537.2081  2132    85093.8500    54691.9537  3873628   35.73%
   8751  7189    81705.5241  2335    85093.8500    54691.9537  3928016   35.73%
   8806  7089    64253.3735  3231    85093.8500    54696.3370  3903208   35.72%
   8832  7276    66393.7994  3329    85093.8500    54696.3370  3976163   35.72%
   8873  7347    59135.0579  3110    85093.8500    54698.5194  4016213   35.72%
   8908  7362    62677.2999  2991    85093.8500    54698.5194  4036992   35.72%
Elapsed time = 3915.75 sec. (679777.01 ticks, tree = 757.77 MB, solutions = 21)
   8960  7334    77265.7625  2998    85093.8500    54698.5194  4011197   35.72%
   9019  7459    67184.0912  2976    85093.8500    54698.5194  4102665   35.72%
   9066  7442    83395.6544  3195    85093.8500    54700.0715  4076822   35.72%
   9117  7496    74227.1802  2814    85093.8500    54700.0715  4118403   35.72%
   9171  7512    83350.4571  2807    85093.8500    54700.0715  4126124   35.72%
   9222  7569    64523.2483  3019    85093.8500    54700.0715  4174705   35.72%
   9238  7578    66539.9411  2809    85093.8500    54707.6651  4182074   35.71%
   9255  7618    58264.7137  3298    85093.8500    54707.6651  4210504   35.71%
   9272  7730    68808.2527  2939    85093.8500    54707.6651  4263328   35.71%
   9310  7753    70822.6184  2935    85093.8500    54726.6313  4308619   35.69%
Elapsed time = 4296.09 sec. (718879.06 ticks, tree = 801.88 MB, solutions = 21)
   9367  7778    78704.6295  2715    85093.8500    54726.6313  4316922   35.69%
   9394  7790    83474.1736  2885    85093.8500    54740.9843  4325049   35.67%
   9432  7822    73794.9613  2968    85093.8500    54740.9843  4397433   35.67%
   9472  7802    69358.0493  3120    85093.8500    54741.4932  4380242   35.67%
   9557  7874    84353.7461  2921    85093.8500    54741.4932  4432223   35.67%
   9613  7899    64410.6575  3279    85093.8500    54741.4932  4463515   35.67%
   9658  8038    66276.8964  3207    85093.8500    54744.2049  4554342   35.67%
   9688  8056    67049.7086  3141    85093.8500    54744.2049  4560342   35.67%
   9728  8080    72015.1938  3073    85093.8500    54749.1173  4567354   35.66%
   9765  8202    75768.2226  2976    85093.8500    54749.1173  4646776   35.66%
Elapsed time = 4654.05 sec. (758171.80 ticks, tree = 852.30 MB, solutions = 21)
   9810  8236    78360.1843  2704    85093.8500    54749.1173  4654548   35.66%
   9862  8267    81887.2159  2760    85093.8500    54749.1173  4662554   35.66%
   9933  8308    83380.9272  2514    85093.8500    54749.1173  4669982   35.66%
   9961  8369    56120.1226  3576    85093.8500    54749.1173  4741832   35.66%
   9989  8366    57955.4029  3305    85093.8500    54751.6672  4729543   35.66%
  10000  8368    60359.3274  3383    85093.8500    54751.6672  4736901   35.66%
  10021  8383    67767.1014  3148    85093.8500    54767.5662  4763861   35.64%
  10059  8427    69076.3676  2997    85093.8500    54767.5662  4820094   35.64%
  10100  8460    73008.3648  3047    85093.8500    54772.5903  4849354   35.63%
  10158  8453    74063.5307  2922    85093.8500    54772.5903  4834119   35.63%
Elapsed time = 5010.83 sec. (797505.28 ticks, tree = 881.01 MB, solutions = 21)
  10223  8503    77023.6069  2744    85093.8500    54772.5903  4895394   35.63%
  10296  8558    84245.7112  2809    85093.8500    54772.5903  4923762   35.63%
  10340  8548    84367.2312  2687    85093.8500    54776.4356  4909762   35.63%
  10363  8566    55545.2539  3607    85093.8500    54776.4356  4936034   35.63%
  10377  8752    59362.3841  3433    85093.8500    54776.4356  5045270   35.63%
  10397  8757    60128.4854  3397    85093.8500    54776.4356  5052860   35.63%
  10417  8783    67021.2122  3153    85093.8500    54776.4356  5069919   35.63%
  10443  8797    68731.4207  2996    85093.8500    54786.3620  5076859   35.62%
  10467  8811    69487.7015  3115    85093.8500    54786.3620  5083554   35.62%
  10494  8862    71137.5565  3062    85093.8500    54786.3620  5169597   35.62%
Elapsed time = 5384.17 sec. (836618.82 ticks, tree = 927.26 MB, solutions = 21)
  10536  8801    61542.5356  3407    85093.8500    54786.3620  5118658   35.62%
  10582  8902    62658.9256  3186    85093.8500    54786.3620  5224577   35.62%
  10639  8911    80754.6388  2922    85093.8500    54786.3620  5190030   35.62%
  10693  9001    82845.1567  2834    85093.8500    54786.3620  5279159   35.62%
  10743  8960    75283.4540  2663    85093.8500    54786.3620  5268132   35.62%
  10785  8978    74251.7426  2643    85093.8500    54786.3620  5276015   35.62%
  10837  9017    57909.7551  3267    85093.8500    54789.6384  5297872   35.61%
  10891  9069    71464.3262  2412    85093.8500    54789.6384  5317800   35.61%
  10954  9210    79821.9999  2551    85093.8500    54789.6384  5374474   35.61%
  11021  9235    78442.3488  2444    85093.8500    54789.6384  5382696   35.61%
Elapsed time = 5727.80 sec. (875331.12 ticks, tree = 969.87 MB, solutions = 21)
  11084  9180    64497.3640  3365    85093.8500    54794.6045  5401443   35.61%
  11175  9382    80530.9185  2027    85093.8500    54794.6045  5453452   35.61%
  11277  9295    78133.6572  2401    85093.8500    54794.6045  5435714   35.61%
  11346  9432    76843.5559  3502    85093.8500    54794.6045  5517025   35.61%
  11437  9522    79101.6745  2109    85093.8500    54794.6045  5545737   35.61%
  11514  9736    77370.0765  2743    85093.8500    54796.5535  5610625   35.60%
  11588  9598    82138.8762  2052    85093.8500    54796.5535  5561679   35.60%
  11628  9742    57500.1691  3401    85093.8500    54796.5535  5622816   35.60%
  11662  9884    57346.9129  3427    85093.8500    54798.0024  5666653   35.60%
  11689  9830    57049.0080  3390    85093.8500    54798.0024  5655570   35.60%
Elapsed time = 6024.91 sec. (914000.93 ticks, tree = 1038.00 MB, solutions = 21)
  11725 10009    59122.4860  3178    85093.8500    54824.4373  5754087   35.57%
  11763  9961    64947.3423  3406    85093.8500    54824.4373  5742016   35.57%
  11812  9980    69613.7018  3402    85093.8500    54824.4373  5749110   35.57%
  11861 10113    84465.6152  2776    85093.8500    54824.4373  5817861   35.57%
  11901 10155    65895.9345  3299    85093.8500    54827.8210  5868395   35.57%
  11937 10169    68883.0428  3163    85093.8500    54827.8210  5875495   35.57%
  11985 10173    61419.7572  3440    85093.8500    54827.8210  5899550   35.57%
  12010 10199    77990.7721  3269    85093.8500    54834.6997  5867516   35.56%
  12050 10181    64439.8329  3438    85093.8500    54834.6997  5913633   35.56%
  12122 10362    75087.4328  3036    85093.8500    54834.6997  5990387   35.56%
Elapsed time = 6252.19 sec. (952691.59 ticks, tree = 1098.16 MB, solutions = 21)
  12192 10211    80259.8890  3569    85093.8500    54834.6997  5927548   35.56%
  12253 10415    79353.3871  2849    85093.8500    54837.8186  6004809   35.56%
  12302 10462    82196.8993  3024    85093.8500    54837.8186  6058148   35.56%
  12327 10496    62034.6575  3150    85093.8500    54837.8186  6092889   35.56%
  12362 10508    64490.3407  2941    85093.8500    54841.7784  6101024   35.55%
  12396 10607    64255.2187  2970    85093.8500    54856.5597  6150298   35.53%
  12436 10622    73249.2805  2990    85093.8500    54863.8950  6157474   35.53%
  12498 10662    63695.1561  3461    85093.8500    54863.8950  6194042   35.53%
  12592 10756    84389.0027  2861    85093.8500    54863.8950  6255743   35.53%
  12617 10681    67873.5465  2944    85093.8500    54865.1223  6208431   35.52%
Elapsed time = 6467.91 sec. (991799.84 ticks, tree = 1135.01 MB, solutions = 21)
  12649 10762    57673.0202  3487    85093.8500    54865.1223  6269258   35.52%
  12683 10846    70816.1669  2528    85093.8500    54865.1223  6322982   35.52%
  12712 10789    63121.7897  3221    85093.8500    54865.1223  6301457   35.52%
  12776 10909    76884.9646  1677    85093.8500    54874.6663  6337865   35.51%
  12877 10805    74380.5807  3058    85093.8500    54874.6663  6315328   35.51%
  12985 10951    73813.0026  2929    85093.8500    54874.6663  6406491   35.51%
  13126 11282    83927.3549   986    85093.8500    54874.6663  6461997   35.51%
  13261 11021    83533.8349  2868    85093.8500    54874.6663  6438264   35.51%
  13317 11260    84274.1463  2869    85093.8500    54875.8399  6501730   35.51%
  13342 11033    57639.5061  3408    85093.8500    54875.8399  6453082   35.51%
Elapsed time = 6682.56 sec. (1030842.59 ticks, tree = 1174.77 MB, solutions = 21)
  13359 11337    59517.4669  3255    85093.8500    54883.6572  6563362   35.50%
  13386 11531    67857.5572  2994    85093.8500    54889.6781  6603363   35.50%
  13416 11550    74677.8224  3010    85093.8500    54889.6781  6610787   35.50%
  13458 11567    78304.1279  2990    85093.8500    54895.1772  6617813   35.49%
  13493 11629    68028.0203  2909    85093.8500    54895.1772  6682645   35.49%
  13522 11597    66211.2127  3141    85093.8500    54895.1772  6659408   35.49%
  13551 11654    72234.6119  2740    85093.8500    54895.1772  6698208   35.49%
  13591 11788    74432.7447  2522    85093.8500    54896.7008  6816620   35.49%
  13624 11798    75579.4214  2633    85093.8500    54896.7008  6824660   35.49%
  13674 11814    79018.1673  2643    85093.8500    54896.7008  6832315   35.49%
Elapsed time = 6897.75 sec. (1070137.78 ticks, tree = 1264.10 MB, solutions = 21)
  13705 11835    79860.9951  2611    85093.8500    54899.6246  6839749   35.48%
  13734 11852    81405.3877  2518    85093.8500    54899.6246  6846958   35.48%
  13772 11902    80504.8170  2622    85093.8500    54899.6246  6931382   35.48%
  13802 11984    83003.1086  2353    85093.8500    54899.6246  6969907   35.48%
  13861 11935    83223.1526  2485    85093.8500    54899.6246  6946621   35.48%
  13901 11995    59911.8270  3399    85093.8500    54899.6246  6983796   35.48%
  13940 11988    59162.5099  3293    85093.8500    54899.6246  7006372   35.48%
  13957 12034    71893.0195  2682    85093.8500    54902.3614  7040933   35.48%
  13982 11996    63698.6530  2994    85093.8500    54902.3614  7021745   35.48%
  14021 12109    61197.1490  3388    85093.8500    54902.3614  7092883   35.48%
Elapsed time = 7095.53 sec. (1109245.01 ticks, tree = 1296.47 MB, solutions = 21)
  14055 12156    68662.5661  2908    85093.8500    54902.3614  7154511   35.48%
  14106 12247    66656.9751  2978    85093.8500    54914.3206  7223593   35.47%
  14167 12194    77264.3380  2789    85093.8500    54914.3206  7168168   35.47%
  14241 12277    80840.1825  2291    85093.8500    54914.3206  7202080   35.47%
  14331 12305    82553.8091  2138    85093.8500    54914.3206  7209899   35.47%
  14343 12278    63505.6236  3291    85093.8500    54914.3206  7275188   35.47%
  14361 12363    58176.2677  3331    85093.8500    54914.3206  7307697   35.47%
  14389 12304    71684.7147  3174    85093.8500    54924.2270  7288938   35.45%
  14431 12326    73202.7615  2881    85093.8500    54925.0840  7295851   35.45%
  14462 12379    63377.7133  3282    85093.8500    54925.0840  7328329   35.45%
Elapsed time = 7289.45 sec. (1148041.62 ticks, tree = 1310.83 MB, solutions = 21)
  14531 12535    68980.9804  3154    85093.8500    54925.0840  7402485   35.45%
  14599 12619    72051.7753  3450    85093.8500    54925.0840  7457550   35.45%
  14650 12571    78333.8694  3222    85093.8500    54926.4191  7415910   35.45%
  14696 12744    80241.3377  3144    85093.8500    54926.4191  7532359   35.45%
  14765 12759    81057.5270  3230    85093.8500    54926.4191  7539022   35.45%
  14829 12779    82117.5748  2879    85093.8500    54926.4191  7546083   35.45%
  14894 12805    83712.3148  2695    85093.8500    54926.4191  7553362   35.45%
  14935 12836    71754.1183  3145    85093.8500    54926.4191  7588345   35.45%
  14966 12886    61152.6890  3379    85093.8500    54938.4327  7614716   35.44%
  15000 12876    81215.0184  2905    85093.8500    54941.2848  7602209   35.43%
Elapsed time = 7482.75 sec. (1186660.28 ticks, tree = 1360.37 MB, solutions = 21)
  15025 12959    65456.2931  3211    85093.8500    54941.2848  7662109   35.43%
  15062 12899    71468.1745  3244    85093.8500    54941.2848  7635624   35.43%
  15098 12913    73066.4378  3239    85093.8500    54946.6141  7642195   35.43%
  15159 13165    75643.5496  3407    85093.8500    54946.6141  7765894   35.43%
  15211 13180    77389.3763  3403    85093.8500    54946.6141  7772746   35.43%
  15240 13197    82687.3259  3079    85093.8500    54946.6141  7779526   35.43%
  15278 13222    84589.9998  2875    85093.8500    54946.6141  7786563   35.43%
  15313 13326    76144.2685  3090    85093.8500    54946.6141  7906300   35.43%
  15342 13274    72078.2947  3190    85093.8500    54946.6141  7875694   35.43%
  15363 13284    75434.7718  3252    85093.8500    54964.1399  7883005   35.41%
Elapsed time = 7685.31 sec. (1226739.31 ticks, tree = 1407.09 MB, solutions = 21)
  15392 13337    58853.4031  3230    85093.8500    54964.1399  7929886   35.41%
  15440 13432    73729.1542  3113    85093.8500    54964.1399  7999433   35.41%
  15490 13490    61403.4524  3297    85093.8500    54964.1399  8072912   35.41%
  15499 13451    59983.9709  3226    85093.8500    54964.1664  8013432   35.41%
  15513 13496    63234.7841  3181    85093.8500    54964.1664  8087784   35.41%
  15534 13513    81202.0304  3090    85093.8500    54964.1664  8116131   35.41%
  15563 13570    67368.1076  3135    85093.8500    54964.1664  8164616   35.41%
  15618 13596    78595.5215  2957    85093.8500    54965.5709  8171512   35.41%
* 15642+13610                        84880.1700    54965.5709            35.24%
  15651 13611    80744.7235  3049    84880.1700    54965.5709  8267662   35.24%
  15705 13660    80318.7238  2787    84880.1700    54965.5709  8258310   35.24%
Elapsed time = 7880.25 sec. (1265565.94 ticks, tree = 1449.35 MB, solutions = 22)
  15735 13540    60781.1031  3350    84880.1700    54965.5709  8150815   35.24%
  15761 13628    58439.1026  3428    84880.1700    54968.0882  8288646   35.24%
  15802 13657    66892.5570  2984    84880.1700    54968.0882  8321298   35.24%
  15828 13671    70017.0450  3102    84880.1700    54968.0882  8328493   35.24%
  15868 13782    61788.2542  3563    84880.1700    54971.5717  8442248   35.24%
  15911 13710    79217.1250  2903    84880.1700    54971.5717  8342175   35.24%
  15963 13729    81649.8966  2942    84880.1700    54971.5717  8349210   35.24%
  16041 13743    82527.8605  2767    84880.1700    54971.5717  8383039   35.24%
  16104 13807    69155.5988  3210    84880.1700    54971.5717  8469659   35.24%
  16147 13929    58007.6166  3294    84880.1700    54971.5717  8502733   35.24%
Elapsed time = 8078.67 sec. (1304455.26 ticks, tree = 1481.54 MB, solutions = 22)
  16178 13948    80588.7169  2937    84880.1700    54971.5717  8532236   35.24%
  16211 13938    62845.4395  3130    84880.1700    54971.8604  8516333   35.24%
  16264 13993    84171.4577  3050    84880.1700    54971.8604  8546356   35.24%
  16320 14146    69825.9286  2954    84880.1700    54980.5316  8669109   35.23%
  16364 14056    72171.6592  2735    84880.1700    54980.5316  8608965   35.23%
  16415 14184    82665.6357  2893    84880.1700    54980.5316  8683566   35.23%
  16446 14122    80960.3200  2730    84880.1700    54980.5316  8662959   35.23%
  16462 14352    81360.6195  2906    84880.1700    54999.7403  8803521   35.20%
  16487 14234    63091.4783  3317    84880.1700    54999.7403  8722074   35.20%
  16520 14370    81788.1431  2935    84880.1700    54999.7403  8817640   35.20%
Elapsed time = 8275.52 sec. (1343283.13 ticks, tree = 1532.71 MB, solutions = 22)
  16550 14262    69997.2922  3396    84880.1700    54999.7403  8735623   35.20%
  16597 14279    77405.7996  3335    84880.1700    54999.7403  8742559   35.20%
  16653 14293    79472.9147  3194    84880.1700    54999.7403  8749461   35.20%
  16713 14493    83684.1529  3227    84880.1700    54999.7403  8895527   35.20%
  16762 14466    80598.3567  3328    84880.1700    54999.7403  8879854   35.20%
  16796 14479    81720.0872  3124    84880.1700    55022.5694  8886795   35.18%
  16833 14696    82636.5283  3238    84880.1700    55024.7978  9033938   35.17%
  16878 14511    61912.4858  3398    84880.1700    55024.7978  8922806   35.17%
  16886 14515    63101.0921  3489    84880.1700    55024.7978  8930289   35.17%
  16922 14733    67394.7544  3360    84880.1700    55025.2251  9078281   35.17%
Elapsed time = 8474.16 sec. (1382551.44 ticks, tree = 1574.71 MB, solutions = 22)
  16964 14752    74786.6318  3333    84880.1700    55032.0742  9084880   35.16%
  16999 14658    71278.4846  3097    84880.1700    55032.0742  9033027   35.16%
  17041 14782    78353.3246  3310    84880.1700    55032.0742  9098330   35.16%
  17114 14803    79587.9261  3159    84880.1700    55034.0569  9105095   35.16%
  17217 14922    80532.9553  3260    84880.1700    55034.0569  9217990   35.16%
  17318 14926    75472.4520  2718    84880.1700    55034.0569  9188935   35.16%
  17419 15051    84607.0074  2826    84880.1700    55034.0569  9254848   35.16%
  17439 14956    57836.7539  3332    84880.1700    55034.0569  9238256   35.16%
  17449 14959    58916.9389  3296    84880.1700    55034.0569  9245400   35.16%
  17467 15244    59501.6325  3547    84880.1700    55036.9141  9349782   35.16%
Elapsed time = 8672.45 sec. (1421417.65 ticks, tree = 1635.00 MB, solutions = 22)
  17485 15247    61130.8779  3527    84880.1700    55036.9141  9356579   35.16%
  17505 15064    62524.4592  3615    84880.1700    55036.9141  9287372   35.16%
  17535 15137    73901.9887  2861    84880.1700    55036.9141  9338268   35.16%
  17603 15163    82061.9962  2885    84880.1700    55040.7964  9345727   35.15%
  17677 15292    79133.0071  3121    84880.1700    55040.7964  9384243   35.15%
  17744 15503    84471.2628  2761    84880.1700    55057.1881  9534058   35.14%
  17780 15393    78594.5114  2616    84880.1700    55057.1881  9438293   35.14%
  17801 15506    57544.9245  3333    84880.1700    55057.1881  9548134   35.14%
  17828 15599    82326.4535  2608    84880.1700    55057.1881  9594878   35.14%
  17854 15611    83479.6828  2558    84880.1700    55057.1881  9602188   35.14%
Elapsed time = 8873.75 sec. (1460867.51 ticks, tree = 1678.02 MB, solutions = 22)
  17886 15456    65327.0606  3080    84880.1700    55057.1881  9527570   35.14%
  17924 15538    69084.4151  3123    84880.1700    55057.1881  9575770   35.14%
  17955 15694    67734.6190  2982    84880.1700    55057.1881  9687414   35.14%
  17995 15633    61606.6877  3457    84880.1700    55062.6258  9630226   35.13%
  18020 15675    82756.5871  3127    84880.1700    55068.5172  9662442   35.12%
  18051 15733    71929.7475  2668    84880.1700    55068.5172  9708146   35.12%
  18099 15754    62860.4394  3341    84880.1700    55068.5172  9755995   35.12%
  18151 15842    75945.8426  3106    84880.1700    55070.4357  9803436   35.12%
  18188 15766    68458.1923  3124    84880.1700    55070.4357  9769824   35.12%
  18228 15959    80784.5723  2746    84880.1700    55070.4357  9888320   35.12%
Elapsed time = 9073.75 sec. (1499874.20 ticks, tree = 1718.76 MB, solutions = 22)
  18282 15991    76820.9316  3221    84880.1700    55070.4357  9936938   35.12%
  18360 15862    76682.2566  3332    84880.1700    55070.4357  9860905   35.12%
  18437 16044    82128.7987  2188    84880.1700    55070.4357  9911071   35.12%
  18533 15906    82258.0345  3021    84880.1700    55070.4357  9875322   35.12%
  18607 16051    71646.9582  3231    84880.1700    55070.4357 10002804   35.12%
  18640 16064    74402.6075  3325    84880.1700    55070.4357 10009760   35.12%
  18666 16082    80662.4576  3143    84880.1700    55075.0033 10016518   35.11%
  18702 16106    84133.6111  2997    84880.1700    55081.3938 10023306   35.11%
  18731 16122    84748.8162  2755    84880.1700    55081.3938 10030298   35.11%
  18750 16435    63035.6948  3358    84880.1700    55081.3938 10152369   35.11%
Elapsed time = 9277.42 sec. (1539118.03 ticks, tree = 1774.82 MB, solutions = 22)
  18773 16163    68857.7505  3098    84880.1700    55081.3938 10072001   35.11%
  18807 16180    72734.1891  3089    84880.1700    55081.3938 10078992   35.11%
  18845 16570    77159.5516  3068    84880.1700    55102.4599 10244022   35.08%
  18888 16586    83593.0347  2741    84880.1700    55102.4599 10251385   35.08%
  18910 16476    69570.5846  3247    84880.1700    55102.4599 10186126   35.08%
  18929 16640    69488.8837  3086    84880.1700    55110.2113 10349786   35.07%
  18957 16647    71409.2531  3134    84880.1700    55110.2113 10358207   35.07%
  18975 16599    63563.9949  3389    84880.1700    55110.2113 10317772   35.07%
  19004 16605    66723.8299  3165    84880.1700    55110.2113 10325239   35.07%
  19031 16678    75494.0095  2942    84880.1700    55110.2113 10380155   35.07%
Elapsed time = 9480.12 sec. (1579151.07 ticks, tree = 1798.39 MB, solutions = 22)
  19074 16623    71259.5041  2906    84880.1700    55110.2113 10339204   35.07%
  19094 16743    57516.3398  3530    84880.1700    55110.2113 10467537   35.07%
  19109 16700    83187.0090  3177    84880.1700    55110.2113 10435046   35.07%
  19139 16711    84098.4088  3100    84880.1700    55110.2113 10442094   35.07%
  19160 16842    79239.9785  2883    84880.1700    55110.2113 10559480   35.07%
  19179 16758    80280.9326  3284    84880.1700    55110.2113 10498350   35.07%
  19206 16871    62485.0512  3282    84880.1700    55110.2113 10615234   35.07%
  19243 16785    80469.7814  3068    84880.1700    55110.2113 10549633   35.07%
  19300 16879    64824.5952  3408    84880.1700    55110.2113 10629120   35.07%
  19324 16909    59130.1734  3340    84880.1700    55121.9143 10598527   35.06%
Elapsed time = 9687.12 sec. (1620053.61 ticks, tree = 1815.10 MB, solutions = 22)
  19340 17017    62459.0757  3248    84880.1700    55144.9651 10771889   35.03%
  19364 16922    65350.5589  3153    84880.1700    55144.9651 10696557   35.03%
  19385 17027    67962.2778  2987    84880.1700    55144.9651 10785997   35.03%
  19411 16955    65089.2161  3108    84880.1700    55144.9651 10752321   35.03%
  19468 16975    67820.9167  2949    84880.1700    55144.9651 10758971   35.03%
  19528 17002    73921.8012  2975    84880.1700    55144.9651 10765391   35.03%
  19552 17074    57094.9062  3366    84880.1700    55144.9651 10812183   35.03%
  19611 17123    72091.8867  2933    84880.1700    55144.9651 10901614   35.03%
  19683 17084    61191.6239  3165    84880.1700    55144.9651 10825598   35.03%
  19720 17243    63254.1131  3009    84880.1700    55144.9651 10995088   35.03%
Elapsed time = 9888.67 sec. (1659402.14 ticks, tree = 1842.00 MB, solutions = 22)
  19763 17214    57477.1756  3460    84880.1700    55144.9651 10957541   35.03%
  19835 17361    82932.0153  2308    84880.1700    55144.9651 11046985   35.03%
  19894 17289    76421.6107  2762    84880.1700    55144.9651 11015714   35.03%
  19943 17226    62798.1090  3319    84880.1700    55144.9651 10977605   35.03%
  19951 17450    59724.0622  3451    84880.1700    55168.1704 11107720   35.00%
  19969 17506    63791.9851  3041    84880.1700    55168.1704 11157583   35.00%
  19995 17465    68214.6150  3055    84880.1700    55168.1704 11123430   35.00%
  20022 17583    64833.5052  3174    84880.1700    55168.1704 11213613   35.00%
  20069 17427    67356.9269  2965    84880.1700    55168.1704 11098138   35.00%
  20132 17528    83964.3201  2838    84880.1700    55176.7733 11145546   34.99%
Elapsed time = 10095.64 sec. (1699019.94 ticks, tree = 1866.96 MB, solutions = 22)
  20174 17532    66687.2959  2890    84880.1700    55176.7733 11185057   34.99%
  20220 17712    77957.1804  3022    84880.1700    55176.7733 11287254   34.99%
  20264 17654    84778.8407  2983    84880.1700    55182.5849 11248753   34.99%
  20312 17812    68847.6970  2772    84880.1700    55182.5849 11383238   34.99%
  20351 17656    59021.9018  3399    84880.1700    55182.5849 11261391   34.99%
  20381 17848    75779.6801  2757    84880.1700    55182.5849 11397360   34.99%
  20418 17783    72389.7531  2879    84880.1700    55182.5849 11364781   34.99%
  20479 17879    76943.4658  2494    84880.1700    55182.5849 11410631   34.99%
  20538 17907    71992.9977  3047    84880.1700    55182.5849 11456653   34.99%
  20599 17831    83468.0736  2721    84880.1700    55182.5849 11386563   34.99%
Elapsed time = 10299.89 sec. (1737994.86 ticks, tree = 1893.38 MB, solutions = 22)
  20684 17961    80332.4900  2365    84880.1700    55182.5849 11432307   34.99%
  20721 18016    66231.5057  3006    84880.1700    55182.5849 11523058   34.99%
  20800 18303    81066.9646  2167    84880.1700    55182.5849 11621235   34.99%
  20855 18084    65070.5780  3097    84880.1700    55182.5849 11580567   34.99%
  20925 18316    63663.7883  2991    84880.1700    55182.5849 11673656   34.99%
  20978 18399    82908.0312  2270    84880.1700    55182.5849 11641850   34.99%
  21063 18465    76457.9818  1929    84880.1700    55182.5849 11733196   34.99%
  21142 18507    79027.9040  1609    84880.1700    55182.5849 11741221   34.99%
  21302 18477    84653.5998  2019    84880.1700    55182.5849 11658977   34.99%
* 21354+18630                        84875.3000    55182.5849            34.98%
  21412 18681    82286.0502   913    84875.3000    55182.5849 11754105   34.98%
Elapsed time = 10511.86 sec. (1776661.12 ticks, tree = 1976.00 MB, solutions = 23)
  21573 18816    83635.7343   538    84875.3000    55208.3491 11762629   34.95%
  21674 18370    76562.5216  3187    84875.3000    55208.3491 11721339   34.95%
  21694 18713    66950.8862  2975    84875.3000    55208.3491 11841500   34.95%
  21724 18977    68554.6437  3168    84875.3000    55208.3491 11903201   34.95%
  21744 18730    75926.9052  3132    84875.3000    55208.3491 11854999   34.95%
  21812 18746    84721.6124  3013    84875.3000    55208.3491 11862084   34.95%
  21846 19051    80892.4390  3096    84875.3000    55208.3491 11964605   34.95%
  21867 18922    72361.8995  3149    84875.3000    55208.3491 11814093   34.95%
  21896 19065    83605.6392  2925    84875.3000    55209.6134 11978848   34.95%
  21929 19335    78429.8528  3096    84875.3000    55209.6134 12013622   34.95%
Elapsed time = 10708.95 sec. (1815534.22 ticks, tree = 2054.01 MB, solutions = 23)
  21968 19358    83802.3651  3049    84875.3000    55209.6134 12020541   34.95%
  21991 19457    64815.4050  2972    84875.3000    55209.6134 12142194   34.95%
  22017 19387    67001.8317  3121    84875.3000    55227.1531 12090717   34.93%
  22036 19367    60465.7785  3244    84875.3000    55227.1531 12039355   34.93%
  22065 19405    70400.0982  2907    84875.3000    55227.1531 12105588   34.93%
  22097 19479    64307.5510  3086    84875.3000    55227.1531 12170284   34.93%
  22137 19533    74159.0182  3132    84875.3000    55227.1531 12216022   34.93%
  22192 19642    76207.0077  2969    84875.3000    55229.3561 12304060   34.93%
  22248 19700    78390.3408  3183    84875.3000    55229.3561 12367587   34.93%
  22293 19722    83139.4998  3144    84875.3000    55229.3561 12373955   34.93%
Elapsed time = 10907.48 sec. (1854357.71 ticks, tree = 2101.28 MB, solutions = 23)
Nodefile size = 38.03 MB (35.96 MB after compression)
  22323 19685    82723.8971  2554    84875.3000    55229.3561 12324592   34.93%
  22347 19759    61762.3158  3337    84875.3000    55229.3561 12430423   34.93%
  22358 19729    59907.3977  3310    84875.3000    55229.3561 12394192   34.93%
  22380 19772    65944.2553  3074    84875.3000    55244.0759 12444330   34.91%
  22417 19793    73357.3767  2969    84875.3000    55244.0759 12451314   34.91%
  22461 19808    65320.3762  2953    84875.3000    55244.0759 12480079   34.91%
  22505 19942    71816.5973  3205    84875.3000    55253.9662 12602630   34.90%
  22566 19960    76514.3529  3058    84875.3000    55253.9662 12609361   34.90%
  22614 19903    75728.1542  3133    84875.3000    55253.9662 12560332   34.90%
  22653 19861    76447.5448  2788    84875.3000    55255.1215 12507444   34.90%
Elapsed time = 11111.67 sec. (1893624.77 ticks, tree = 2118.28 MB, solutions = 23)
Nodefile size = 51.94 MB (49.15 MB after compression)
  22679 19878    78876.7463  2686    84875.3000    55255.1215 12514574   34.90%
  22708 19892    79417.1270  2629    84875.3000    55255.1215 12521597   34.90%
  22753 20044    68114.8126  3006    84875.3000    55255.1215 12684860   34.90%
  22801 19933    67083.1316  3148    84875.3000    55255.1215 12595671   34.90%
  22867 19994    63871.4206  3164    84875.3000    55255.1215 12658350   34.90%
  22905 20289    80656.6743  2953    84875.3000    55255.3849 12791656   34.90%
  22957 20311    83888.7998  2750    84875.3000    55255.3849 12798383   34.90%
  22977 20344    67452.7341  3126    84875.3000    55255.3849 12862363   34.90%
  23003 20314    58848.6424  3450    84875.3000    55255.3849 12812046   34.90%
  23026 20218    69077.3558  3015    84875.3000    55255.3849 12757180   34.90%
Elapsed time = 11310.64 sec. (1932679.90 ticks, tree = 2161.47 MB, solutions = 23)
Nodefile size = 98.29 MB (93.21 MB after compression)
  23068 20241    78205.9935  2904    84875.3000    55255.3849 12763837   34.90%
  23110 20328    66624.4384  3097    84875.3000    55255.3849 12833044   34.90%
  23167 20434    75796.4896  2945    84875.3000    55255.3849 12930745   34.90%
  23223 20578    75264.1972  2950    84875.3000    55260.9846 13019647   34.89%
  23257 20650    77102.7280  2875    84875.3000    55260.9846 13068405   34.89%
  23280 20665    76948.0262  2915    84875.3000    55260.9846 13075677   34.89%
  23309 20497    63770.6116  3225    84875.3000    55260.9846 12980106   34.89%
  23337 20506    68633.9966  2998    84875.3000    55260.9846 12987201   34.89%
  23377 20715    81529.2713  2710    84875.3000    55260.9846 13097468   34.89%
  23427 20626    76098.4651  3022    84875.3000    55260.9846 13063488   34.89%
Elapsed time = 11515.16 sec. (1971911.76 ticks, tree = 2210.46 MB, solutions = 23)
Nodefile size = 145.94 MB (138.54 MB after compression)
  23493 20743    84377.9464  2484    84875.3000    55260.9846 13112437   34.89%
  23525 20732    67651.9912  3256    84875.3000    55260.9846 13159038   34.89%
  23541 20741    68901.7725  3433    84875.3000    55267.6432 13165851   34.88%
  23565 20970    59935.4178  3432    84875.3000    55282.4604 13322649   34.87%
  23587 20864    62049.0721  3200    84875.3000    55282.4604 13268670   34.87%
  23608 20978    63898.9439  3224    84875.3000    55282.4604 13337056   34.87%
  23648 20818    74651.3181  3071    84875.3000    55282.4604 13219654   34.87%
  23700 20838    80770.5741  3098    84875.3000    55282.4604 13227396   34.87%
  23764 20851    82776.1682  2936    84875.3000    55282.4604 13234279   34.87%
  23809 20874    84467.9892  2908    84875.3000    55282.4604 13240957   34.87%
Elapsed time = 11717.11 sec. (2011155.28 ticks, tree = 2240.64 MB, solutions = 23)
Nodefile size = 169.16 MB (160.63 MB after compression)
  23837 20913    72598.4560  2929    84875.3000    55282.4604 13309226   34.87%
  23860 21032    60888.8673  3490    84875.3000    55282.4604 13379282   34.87%
  23889 21196    73832.5614  2765    84875.3000    55282.4604 13514222   34.87%
  23937 21129    62947.3192  3229    84875.3000    55282.4604 13461166   34.87%
  23950 21136    66671.7685  3160    84875.3000    55300.6962 13468408   34.84%
  23989 21244    80652.3487  2551    84875.3000    55300.6962 13529586   34.84%
  24032 21164    74836.9005  2995    84875.3000    55300.6962 13482518   34.84%
  24087 21298    84059.7114  2402    84875.3000    55300.6962 13544679   34.84%
* 24100+21250                        84852.1100    55300.6962            34.83%
* 24100+21250                        84789.4100    55300.6962            34.78%
  24103 21186    58194.1683  3407    84789.4100    55300.6962 13497695   34.78%
  24111 21276    59981.8748  3356    84789.4100    55300.8868 13647069   34.78%
Elapsed time = 12035.05 sec. (2051666.18 ticks, tree = 2302.18 MB, solutions = 25)
Nodefile size = 254.21 MB (241.58 MB after compression)
  24126 21282    64549.9740  3272    84789.4100    55309.1636 13655384   34.77%
  24139 21352    62722.2061  3445    84789.4100    55309.1636 13711574   34.77%
  24164 21300    68490.9260  2927    84789.4100    55309.1636 13669114   34.77%
  24213 21487    67760.9126  3090    84789.4100    55309.1636 13783407   34.77%
  24240 21507    72579.8508  3099    84789.4100    55309.1636 13790226   34.77%
  24273 21382    70673.4108  3168    84789.4100    55309.1636 13734082   34.77%
  24317 21542    74863.6787  3023    84789.4100    55309.1636 13803895   34.77%
  24381 21568    78274.6854  2795    84789.4100    55312.2851 13810696   34.77%
  24441 21521    79741.5135  3044    84789.4100    55312.2851 13808979   34.77%
  24511 21596    75862.4333  2912    84789.4100    55312.2851 13886028   34.77%
Elapsed time = 12253.72 sec. (2091250.73 ticks, tree = 2329.22 MB, solutions = 26)
Nodefile size = 269.13 MB (255.82 MB after compression)
  24587 21563    infeasible          84789.4100    55312.2851 13849142   34.77%
  24664 21804    84177.6721  2433    84789.4100    55312.2851 13960170   34.77%
  24703 21639    82393.2606  2680    84789.4100    55312.2851 13907356   34.77%
  24735 21809    60444.6635  3413    84789.4100    55312.2851 13974564   34.77%
  24751 21840    64700.2580  3207    84789.4100    55314.0927 14034165   34.76%
  24772 21659    61965.9929  3432    84789.4100    55314.0927 13929116   34.76%
  24804 21864    72673.4138  3139    84789.4100    55314.0927 14047848   34.76%
  24849 21918    65187.3512  3255    84789.4100    55314.0927 14084109   34.76%
  24909 22004    69130.7265  3001    84789.4100    55335.9060 14141129   34.74%
  24950 21938    67409.7621  3011    84789.4100    55335.9060 14097295   34.74%
Elapsed time = 12457.30 sec. (2130876.31 ticks, tree = 2370.19 MB, solutions = 26)
Nodefile size = 307.52 MB (292.37 MB after compression)
  24970 21948    71439.1396  2860    84789.4100    55335.9060 14102321   34.74%
  24990 22030    58560.6143  3029    84789.4100    55348.2903 14161904   34.72%
  25016 22137    62826.7495  3101    84789.4100    55348.2903 14227707   34.72%
  25051 21978    74001.9068  2704    84789.4100    55348.2903 14122181   34.72%
  25102 22047    67947.8315  2969    84789.4100    55348.2903 14182669   34.72%
  25182 22179    81165.1775  2808    84789.4100    55348.2903 14248807   34.72%
  25275 22314    79383.4642  2397    84789.4100    55348.2903 14333140   34.72%
  25356 22109    55451.6298  3648    84789.4100    55348.2903 14201667   34.72%
  25420 22388    84202.5940  2139    84789.4100    55348.2903 14350417   34.72%
  25473 22400    59361.0626  3541    84789.4100    55351.1623 14400837   34.72%
Elapsed time = 12662.20 sec. (2169813.25 ticks, tree = 2426.58 MB, solutions = 26)
Nodefile size = 365.92 MB (348.03 MB after compression)
  25513 22404    60741.6073  3451    84789.4100    55351.1623 14363834   34.72%
  25570 22408    61559.0853  3258    84789.4100    55351.1623 14370691   34.72%
  25619 22435    71246.0951  2893    84789.4100    55351.1623 14421537   34.72%
  25672 22453    80342.9983  2890    84789.4100    55351.1623 14428719   34.72%
  25724 22437    76178.4703  3239    84789.4100    55351.1623 14391159   34.72%
  25747 22462    58562.6459  3107    84789.4100    55357.0888 14441277   34.71%
  25773 22665    62862.2712  3330    84789.4100    55357.0888 14556693   34.71%
  25795 22668    63634.8936  3098    84789.4100    55357.0888 14563757   34.71%
  25809 22797    56348.5835  3490    84789.4100    55357.0888 14606124   34.71%
  25844 22869    73405.2977  2786    84789.4100    55357.0888 14660751   34.71%
Elapsed time = 12862.70 sec. (2208682.60 ticks, tree = 2476.36 MB, solutions = 26)
Nodefile size = 416.30 MB (396.06 MB after compression)
  25875 22804    60773.2900  3371    84789.4100    55368.5681 14619564   34.70%
  25899 23023    71196.0339  2936    84789.4100    55368.5681 14782000   34.70%
  25925 22817    67430.7144  3072    84789.4100    55368.5681 14633474   34.70%
  25967 22833    74217.3865  3011    84789.4100    55368.5681 14640611   34.70%
  26014 23067    77187.1545  2746    84789.4100    55371.9937 14802835   34.69%
  26031 23098    58216.1493  3520    84789.4100    55371.9937 14841912   34.69%
  26054 23102    60583.5287  3487    84789.4100    55371.9937 14849321   34.69%
  26063 23092    58597.2070  3280    84789.4100    55371.9937 14824570   34.69%
  26086 23119    68520.3699  2932    84789.4100    55371.9937 14863610   34.69%
  26112 23134    74182.7257  2845    84789.4100    55371.9937 14870444   34.69%
Elapsed time = 13080.41 sec. (2248639.28 ticks, tree = 2496.42 MB, solutions = 26)
Nodefile size = 436.37 MB (415.18 MB after compression)
  26146 23232    70481.9821  2981    84789.4100    55371.9937 14962279   34.69%
  26187 23251    73520.3317  2863    84789.4100    55371.9937 14969239   34.69%
  26216 23165    70700.4535  2785    84789.4100    55371.9937 14915431   34.69%
  26243 23269    62309.0363  3189    84789.4100    55386.1305 15010757   34.68%
  26279 23210    79242.4454  2598    84789.4100    55386.1305 14929231   34.68%
  26304 23280    61126.4489  3493    84789.4100    55386.1305 14995483   34.68%
  26329 23230    82407.2871  2329    84789.4100    55386.1305 14943579   34.68%
  26368 23294    72889.7642  2952    84789.4100    55386.1305 15010237   34.68%
  26412 23300    70941.5759  2959    84789.4100    55386.1305 15045822   34.68%
  26455 23317    72576.2756  2737    84789.4100    55386.1305 15052940   34.68%
Elapsed time = 13267.70 sec. (2288136.76 ticks, tree = 2517.91 MB, solutions = 26)
Nodefile size = 452.20 MB (430.20 MB after compression)
  26516 23354    63445.6300  3260    84789.4100    55386.1305 15091239   34.68%
  26570 23345    75788.0165  2758    84789.4100    55386.1305 15067219   34.68%
  26583 23363    67011.7511  3018    84789.4100    55386.1305 15107550   34.68%
  26649 23379    70353.4527  3028    84789.4100    55386.1305 15114301   34.68%
  26706 23665    83009.1406  2604    84789.4100    55386.1305 15268482   34.68%
  26750 23601    64611.5443  3182    84789.4100    55404.3343 15241650   34.66%
  26769 23576    59669.4776  3378    84789.4100    55404.3343 15179926   34.66%
  26782 23797    62538.3824  3207    84789.4100    55405.4937 15376274   34.66%
  26798 23801    66552.6408  3103    84789.4100    55405.4937 15383025   34.66%
  26821 23699    71214.3984  3054    84789.4100    55405.4937 15303056   34.66%
Elapsed time = 13482.56 sec. (2327115.32 ticks, tree = 2555.12 MB, solutions = 26)
Nodefile size = 485.95 MB (462.24 MB after compression)
  26865 23872    70140.7200  3002    84789.4100    55405.4937 15436126   34.66%
  26923 23711    64356.6022  3134    84789.4100    55405.4937 15359723   34.66%
  26972 23966    76367.3749  2996    84789.4100    55422.5224 15496343   34.64%
  27033 23734    72663.0466  3022    84789.4100    55422.5224 15373207   34.64%
  27048 23863    57847.7488  3435    84789.4100    55422.6386 15421946   34.63%
  27070 23868    60774.6943  3448    84789.4100    55422.6386 15428879   34.63%
  27095 24064    74982.5566  2869    84789.4100    55422.6386 15578555   34.63%
  27117 24115    64557.7040  3192    84789.4100    55424.1254 15633021   34.63%
  27148 24000    67552.3606  2898    84789.4100    55424.1254 15538453   34.63%
  27205 24216    70705.5438  3048    84789.4100    55424.2840 15692661   34.63%
Elapsed time = 13700.59 sec. (2366096.86 ticks, tree = 2618.95 MB, solutions = 26)
Nodefile size = 559.31 MB (532.01 MB after compression)
  27268 24230    78614.6329  2719    84789.4100    55424.2840 15699517   34.63%
  27306 24128    79964.2010  2432    84789.4100    55424.2840 15612705   34.63%
  27351 24166    81849.9115  2323    84789.4100    55426.6299 15620154   34.63%
  27376 24163    61513.1838  3334    84789.4100    55426.6299 15674524   34.63%
  27409 24167    63688.7306  3128    84789.4100    55426.6299 15682456   34.63%
  27426 24298    68304.8832  3120    84789.4100    55428.0862 15781829   34.63%
  27470 24497    69431.1828  3083    84789.4100    55428.0862 15893333   34.63%
  27534 24523    79455.3358  3095    84789.4100    55428.0862 15900250   34.63%
  27581 24548    84471.0510  2823    84789.4100    55428.0862 15907312   34.63%
  27597 24554    69402.2369  2935    84789.4100    55428.0862 15958275   34.63%
Elapsed time = 13931.92 sec. (2406215.99 ticks, tree = 2660.23 MB, solutions = 26)
Nodefile size = 598.85 MB (569.65 MB after compression)
  27616 24565    70948.2145  2807    84789.4100    55428.0862 15965079   34.63%
  27633 24573    71636.1756  2807    84789.4100    55428.0862 15971498   34.63%
  27652 24582    72127.3669  2859    84789.4100    55428.0862 15977766   34.63%
  27695 24605    72868.5806  2894    84789.4100    55432.9444 15984570   34.62%
  27733 24625    75591.0510  2955    84789.4100    55432.9444 15991154   34.62%
* 27752+24574                        84643.7200    55432.9444            34.51%
  27789 24645    77049.7430  2907    84643.7200    55438.4115 15997641   34.50%
  27845 24662    77254.4835  2435    84643.7200    55438.4115 16004743   34.50%
  27898 24706    82297.5414  2820    84643.7200    55438.4115 16076909   34.50%
  27941 24657    60453.8969  3409    84643.7200    55438.4115 16131185   34.50%
  27952 24661    63892.4512  2906    84643.7200    55438.4115 16068500   34.50%
Elapsed time = 14153.34 sec. (2445165.44 ticks, tree = 2672.76 MB, solutions = 27)
Nodefile size = 609.31 MB (579.61 MB after compression)
  27969 24674    66546.3418  3071    84643.7200    55438.4115 16076195   34.50%
  28001 24753    78678.5556  2433    84643.7200    55438.4115 16171400   34.50%
  28034 24774    78977.3802  2509    84643.7200    55438.4115 16177660   34.50%
  28080 24677    83078.1563  2940    84643.7200    55438.4115 16164614   34.50%
  28131 24832    76100.1723  2809    84643.7200    55438.4115 16255087   34.50%
  28175 24832    81351.7180  2487    84643.7200    55438.4115 16196421   34.50%
  28201 24857    80646.5175  2787    84643.7200    55438.4115 16268342   34.50%
  28219 24923    71943.2091  3027    84643.7200    55438.4115 16313545   34.50%
  28237 24938    77614.6384  3015    84643.7200    55438.4115 16321014   34.50%
  28285 24860    81671.3410  2495    84643.7200    55438.4115 16206876   34.50%
Elapsed time = 14394.73 sec. (2484686.69 ticks, tree = 2699.93 MB, solutions = 27)
Nodefile size = 625.53 MB (595.17 MB after compression)
  28313 24962    58008.7900  3180    84643.7200    55438.4115 16336269   34.50%
  28318 24967    61710.6679  3139    84643.7200    55438.4115 16344151   34.50%

GUB cover cuts applied:  366
Cover cuts applied:  24
Implied bound cuts applied:  424
Flow cuts applied:  475
Mixed integer rounding cuts applied:  4812
Zero-half cuts applied:  305
Lift and project cuts applied:  20
Gomory fractional cuts applied:  12

Root node processing (before b&c):
  Real time             =   72.24 sec. (18482.06 ticks)
Parallel b&c, 4 threads:
  Real time             = 14332.76 sec. (2476874.49 ticks)
  Sync time (average)   =  370.98 sec.
  Wait time (average)   =    0.07 sec.
                          ------------
Total (root+branch&cut) = 14405.00 sec. (2495356.55 ticks)
