Version identifier: 22.1.1.0 | 2022-11-27 | 9160aff4d
CPXPARAM_Read_DataCheck                          1
CPXPARAM_TimeLimit                               14400
1 of 1 MIP starts provided solutions.
MIP start 'm1' defined initial solution with objective 58344.6500.
Tried aggregator 4 times.
MIP Presolve eliminated 20002 rows and 31572 columns.
MIP Presolve added 658 rows and 0 columns.
MIP Presolve modified 41417 coefficients.
Aggregator did 1609 substitutions.
Reduced MIP has 12712 rows, 17769 columns, and 61900 nonzeros.
Reduced MIP has 11189 binaries, 6580 generals, 0 SOSs, and 0 indicators.
Presolve time = 0.28 sec. (135.98 ticks)
Probing time = 0.05 sec. (5.65 ticks)
Tried aggregator 6 times.
MIP Presolve eliminated 2570 rows and 3784 columns.
MIP Presolve modified 18 coefficients.
Aggregator did 456 substitutions.
Reduced MIP has 9686 rows, 13529 columns, and 46892 nonzeros.
Reduced MIP has 8389 binaries, 5140 generals, 0 SOSs, and 0 indicators.
Presolve time = 0.11 sec. (75.76 ticks)
Probing time = 0.03 sec. (4.22 ticks)
Tried aggregator 6 times.
Detecting symmetries...
MIP Presolve eliminated 1078 rows and 958 columns.
MIP Presolve modified 166 coefficients.
Aggregator did 578 substitutions.
Reduced MIP has 8030 rows, 11993 columns, and 41058 nonzeros.
Reduced MIP has 6853 binaries, 5140 generals, 0 SOSs, and 0 indicators.
Presolve time = 0.11 sec. (79.74 ticks)
Probing time = 0.03 sec. (4.61 ticks)
Clique table members: 12933.
MIP emphasis: balance optimality and feasibility.
MIP search method: dynamic search.
Parallel mode: deterministic, using up to 4 threads.
Root relaxation solution time = 0.12 sec. (87.40 ticks)

        Nodes                                         Cuts/
   Node  Left     Objective  IInf  Best Integer    Best Bound    ItCnt     Gap

*     0+    0                        58344.6500      503.1400            99.14%
      0     0     6220.4633   239    58344.6500     6220.4633     4193   89.34%
      0     0    24259.3433   848    58344.6500     Cuts: 812     7235   58.42%
      0     0    28287.9780  1107    58344.6500     Cuts: 696     9008   51.52%
      0     0    30490.3919  1296    58344.6500     Cuts: 551    10652   47.74%
      0     0    31451.7657  1411    58344.6500     Cuts: 416    11908   46.09%
      0     0    31984.9817  1463    58344.6500     Cuts: 339    13007   45.18%
Detecting symmetries...
      0     0    32332.0978  1508    58344.6500     Cuts: 241    13708   44.58%
      0     0    32559.3456  1733    58344.6500     Cuts: 212    14457   44.19%
      0     0    32778.5032  1680    58344.6500     Cuts: 150    15087   43.82%
      0     0    33063.6186  1773    58344.6500     Cuts: 166    15698   43.33%
      0     0    33314.1077  1785    58344.6500     Cuts: 154    16441   42.90%
      0     0    33510.0219  1785    58344.6500     Cuts: 141    17086   42.57%
      0     0    33564.5135  1815    58344.6500     Cuts: 132    17501   42.47%
      0     0    33641.7596  1901    58344.6500      Cuts: 83    17977   42.34%
      0     0    33764.5228  1900    58344.6500     Cuts: 148    18540   42.13%
      0     0    33883.1392  1955    58344.6500     Cuts: 117    19183   41.93%
      0     0    33989.1237  1933    58344.6500     Cuts: 184    19699   41.74%
      0     0    34025.3435  1934    58344.6500     Cuts: 120    20093   41.68%
      0     0    34040.6658  1921    58344.6500      Cuts: 95    20340   41.66%
      0     0    34083.4761  1963    58344.6500      Cuts: 84    20682   41.58%
      0     0    34121.9292  2053    58344.6500      Cuts: 72    21055   41.52%
      0     0    34157.4285  2074    58344.6500     Cuts: 112    21524   41.46%
      0     0    34195.6347  2088    58344.6500     Cuts: 129    21826   41.39%
      0     0    35054.6441  2041    58344.6500     Cuts: 178    23236   39.92%
      0     0    35297.3160  2020    58344.6500     Cuts: 301    24124   39.50%
      0     0    35486.0244  2091    58344.6500     Cuts: 200    24821   39.18%
      0     0    35694.8127  2138    58344.6500     Cuts: 139    25391   38.82%
      0     0    35795.5206  2210    58344.6500     Cuts: 177    25956   38.65%
      0     0    35872.4636  2176    58344.6500     Cuts: 130    26388   38.52%
      0     0    35895.3630  2247    58344.6500     Cuts: 124    26701   38.48%
      0     0    35911.5627  2311    58344.6500     Cuts: 115    26972   38.45%
      0     0    35925.4099  2253    58344.6500      Cuts: 91    27301   38.43%
      0     0    35930.4503  2288    58344.6500      Cuts: 95    27508   38.42%
      0     0    35960.5749  2190    58344.6500      Cuts: 65    27887   38.37%
      0     0    36029.2696  2199    58344.6500     Cuts: 116    28290   38.25%
      0     0    36057.2956  2211    58344.6500      Cuts: 95    28627   38.20%
      0     0    36069.4073  2260    58344.6500      Cuts: 69    28830   38.18%
Detecting symmetries...
      0     2    36069.4073  2197    58344.6500    36069.4073    28830   38.18%
Elapsed time = 43.66 sec. (14662.24 ticks, tree = 0.02 MB, solutions = 1)
      1     3    37284.3205  2123    58344.6500    36069.4598    30423   38.18%
      2     4    41935.3723  1945    58344.6500    36069.4598    31962   38.18%
      4     6    41989.6209  1890    58344.6500    36069.4598    33671   38.18%
      6     8    42020.3539  1889    58344.6500    36069.4598    36171   38.18%
      8    10    42189.1345  1885    58344.6500    36069.4598    37179   38.18%
     10     5    42011.0706  1916    58344.6500    36069.4598    32285   38.18%
     18    17    42300.7827  1883    58344.6500    36069.4598    38506   38.18%
     30    30    42444.1633  1753    58344.6500    36069.4598    40819   38.18%
     35    36    42563.1311  1823    58344.6500    36069.4598    42377   38.18%
     67    54    42984.8111  1704    58344.6500    36160.5520    48214   38.02%
Elapsed time = 54.05 sec. (18586.83 ticks, tree = 1.09 MB, solutions = 1)
    111    95    36365.0690  2056    58344.6500    36160.5520    60540   38.02%
    169   157    44659.5582  1634    58344.6500    36160.5520    74497   38.02%
    224   209    56010.1104  1280    58344.6500    36160.5520    81987   38.02%
    297   267    57664.7619  1653    58344.6500    36160.5520    92168   38.02%
    343   298    42332.2395  1656    58344.6500    36160.5520    97986   38.02%
    368   332    44791.2219  1645    58344.6500    36160.5520   106549   38.02%
    409   359    42609.4582  1702    58344.6500    36160.5520   111145   38.02%
    500   394    45929.3435  1552    58344.6500    36160.5520   119892   38.02%
    573   432    38878.6438  1916    58344.6500    36160.5520   127281   38.02%
    619   527    39172.8254  1983    58344.6500    36524.8490   143183   37.40%
Elapsed time = 86.83 sec. (28399.15 ticks, tree = 27.91 MB, solutions = 1)
    661   583    41720.0830  1976    58344.6500    36524.8490   155453   37.40%
    724   616    48016.1843  1646    58344.6500    36524.8490   161595   37.40%
    804   644    45595.4996  1570    58344.6500    36524.8490   168948   37.40%
    898   797    47336.3508  1537    58344.6500    36524.8490   190530   37.40%
   1073   897    43681.7688  1419    58344.6500    36524.8490   201204   37.40%
   1268  1011    36719.9341  2076    58344.6500    36524.8490   208971   37.40%

Performing restart 1

Repeating presolve.
Tried aggregator 1 time.
Reduced MIP has 8030 rows, 11993 columns, and 41058 nonzeros.
Reduced MIP has 6853 binaries, 5140 generals, 0 SOSs, and 0 indicators.
Presolve time = 0.05 sec. (21.21 ticks)
Tried aggregator 1 time.
Reduced MIP has 8030 rows, 11993 columns, and 41058 nonzeros.
Reduced MIP has 6853 binaries, 5140 generals, 0 SOSs, and 0 indicators.
Presolve time = 0.05 sec. (27.09 ticks)
Represolve time = 0.23 sec. (90.81 ticks)
   1309     0    39321.3904  1908    58344.6500    Cuts: 2107   242841   32.60%
   1309     0    40877.8470  1957    58344.6500    Cuts: 2107   245669   29.94%
   1309     0    41944.8890  2101    58344.6500    Cuts: 2107   248339   28.11%
   1309     0    43348.0342  2117    58344.6500    Cuts: 2107   251308   25.70%
   1309     0    44154.9473  2081    58344.6500    Cuts: 2107   253948   24.32%
   1309     0    44867.3087  2122    58344.6500    Cuts: 2107   256206   23.10%
   1309     0    45671.9579  1804    58344.6500    Cuts: 2107   259066   21.72%
   1309     0    46014.8324  1901    58344.6500    Cuts: 1997   261212   21.13%
   1309     0    46427.6025  1889    58344.6500    Cuts: 1998   263519   20.43%
   1309     0    46626.5862  1861    58344.6500    Cuts: 1819   265269   20.08%
   1309     0    46838.7742  2004    58344.6500    Cuts: 1700   267271   19.72%
   1309     0    47159.9756  2042    58344.6500    Cuts: 1711   269545   19.17%
   1309     0    47280.1562  2060    58344.6500    Cuts: 2107   271302   18.96%
   1309     0    48295.6622  1841    58344.6500    Cuts: 2029   274569   17.22%
   1309     0    48497.7881  1832    58344.6500    Cuts: 2065   276323   16.88%
   1309     0    48776.4365  2008    58344.6500    Cuts: 1999   278276   16.40%
   1309     0    49005.4641  2067    58344.6500    Cuts: 1845   280259   16.01%
   1309     0    49126.0504  1915    58344.6500    Cuts: 1805   281707   15.80%
   1309     0    49259.9130  2024    58344.6500    Cuts: 1341   283251   15.57%
   1309     0    49408.4627  2065    58344.6500    Cuts: 1554   285177   15.32%
   1309     0    49474.0950  1966    58344.6500    Cuts: 1506   286630   15.20%
   1309     0    49573.5138  2002    58344.6500    Cuts: 1573   288405   15.03%
   1309     0    49645.7305  2010    58344.6500    Cuts: 1767   290041   14.91%
   1309     0    49722.2795  2081    58344.6500    Cuts: 1335   291409   14.78%
   1309     0    49819.1229  2025    58344.6500    Cuts: 1264   292992   14.61%
   1309     0    49871.4225  1998    58344.6500    Cuts: 1418   294236   14.52%
   1309     0    49930.9058  2094    58344.6500    Cuts: 1521   295485   14.42%
   1309     0    49989.3459  2082    58344.6500    Cuts: 1246   296595   14.32%
   1309     0    50027.2797  2160    58344.6500    Cuts: 1282   297485   14.26%
   1309     0    50059.8125  2109    58344.6500     Cuts: 863   298268   14.20%
   1309     0    50077.1111  2098    58344.6500     Cuts: 935   299078   14.17%
   1309     0    50094.6347  2178    58344.6500     Cuts: 693   299857   14.14%
   1309     0    50106.8876  1960    58344.6500     Cuts: 829   300519   14.12%
   1309     0    50118.4705  2174    58344.6500     Cuts: 619   301197   14.10%
   1309     0    50123.7270  1859    58344.6500     Cuts: 429   301799   14.09%
   1309     0    50131.7014  1898    58344.6500    Cuts: 1659   302794   14.08%
   1309     0    50167.0264  1918    58344.6500    Cuts: 2107   304592   14.02%
   1309     0    50196.0008  1892    58344.6500    Cuts: 1120   305652   13.97%
   1309     0    50205.6005  1954    58344.6500    Cuts: 1010   306573   13.95%
   1309     0    50219.2682  2033    58344.6500     Cuts: 656   307641   13.93%
   1309     2    50219.2682  1960    58344.6500    50219.2682   307641   13.93%
   1316     3    51912.7998  1600    58344.6500    50221.4528   311655   13.92%
   1323    15    53780.3023  1604    58344.6500    50221.4528   317143   13.92%
   1327    20    51427.6847  1718    58344.6500    50221.4528   324479   13.92%
Elapsed time = 328.81 sec. (104234.97 ticks, tree = 0.26 MB, solutions = 1)
   1342    26    51427.6847  1717    58344.6500    50222.4141   334852   13.92%
   1358    44    53279.4230  1647    58344.6500    50222.4141   347912   13.92%
   1384    67    51864.4733  1535    58344.6500    50222.4141   362134   13.92%
   1408    85    53783.1928  1526    58344.6500    50222.4141   371647   13.92%
   1442   103    51884.8388  1792    58344.6500    50222.4141   378754   13.92%
   1470   135    52528.6756  1500    58344.6500    50222.4141   388238   13.92%
   1497   141    51976.3772  1644    58344.6500    50222.4141   389668   13.92%
   1536   210    52859.9974  1342    58344.6500    50222.4141   412302   13.92%
   1580   236    54061.7434  1607    58344.6500    50222.4141   422920   13.92%
   1604   226    52627.2617  1595    58344.6500    50222.4141   420368   13.92%
Elapsed time = 361.84 sec. (114250.92 ticks, tree = 9.88 MB, solutions = 1)
   1655   297    52929.4374  1510    58344.6500    50222.4141   433836   13.92%
   1686   342    56377.5969  1593    58344.6500    50222.4141   445080   13.92%
   1719   379    56419.3027  1590    58344.6500    50222.4141   457573   13.92%
   1761   392    52178.5905  1593    58344.6500    50222.4141   464984   13.92%
   1788   393    56600.7716  1546    58344.6500    50222.4141   461644   13.92%
   1842   472    58142.1723  1405    58344.6500    50222.4141   484453   13.92%
   1898   541    56819.5169  1493    58344.6500    50222.4141   501941   13.92%
   1960   560    55666.7870  1464    58344.6500    50222.4141   508527   13.92%
   2015   647    58157.8383  1451    58344.6500    50222.4141   524878   13.92%
   2056   658    57803.3562  1449    58344.6500    50222.4141   527782   13.92%
Elapsed time = 396.39 sec. (124323.58 ticks, tree = 42.39 MB, solutions = 1)
   2115   680    55446.4875  1609    58344.6500    50222.4141   532462   13.92%
   2172   795    55741.4585  1110    58344.6500    50222.4141   558023   13.92%
   2244   814        cutoff          58344.6500    50222.4141   566514   13.92%
   2298   896    58202.1449  1419    58344.6500    50222.4141   580248   13.92%
   2332   910    53289.5901  1709    58344.6500    50222.4141   588239   13.92%
   2361   935    50459.5378  1874    58344.6500    50228.8164   594718   13.91%
   2384   970    50668.4183  1755    58344.6500    50228.8164   607796   13.91%
   2403   991    54572.0205  1207    58344.6500    50228.8164   619265   13.91%
   2425   996    51184.9373  1780    58344.6500    50228.8164   624918   13.91%
   2454  1029    55340.8527  1625    58344.6500    50228.8164   639731   13.91%
Elapsed time = 429.95 sec. (134280.23 ticks, tree = 68.79 MB, solutions = 1)
   2479  1039    55019.1937  1577    58344.6500    50228.8164   644782   13.91%
   2515  1046    55285.1248  1467    58344.6500    50228.8164   648607   13.91%
   2562  1096        cutoff          58344.6500    50228.8164   662584   13.91%
   2621  1129    53210.8263  1131    58344.6500    50228.8164   672551   13.91%
   2680  1137    53261.2393  1184    58344.6500    50228.8164   673922   13.91%
   2738  1220    53344.0157  1163    58344.6500    50228.8164   693960   13.91%
   2821  1300    53621.3506   924    58344.6500    50228.8164   711561   13.91%
   2866  1290    57006.2732  1165    58344.6500    50228.8164   709602   13.91%
   2932  1384    57578.7367  1084    58344.6500    50228.8164   724338   13.91%
   2997  1428    57639.4197  1054    58344.6500    50228.8164   730418   13.91%
Elapsed time = 463.59 sec. (143986.11 ticks, tree = 100.08 MB, solutions = 1)
   3042  1492    56080.0032  1313    58344.6500    50373.9896   740953   13.66%
   3094  1529    58026.8042  1393    58344.6500    50373.9896   743871   13.66%
   3123  1598    55951.1730  1549    58344.6500    50698.6728   762406   13.10%
   3151  1612    56500.9999  1550    58344.6500    50698.6728   765388   13.10%
   3184  1614    51968.4129  1873    58344.6500    50698.6728   768411   13.10%
   3226  1655    57200.5090  1560    58344.6500    50701.4396   776058   13.10%
   3257  1757    57641.7387  1645    58344.6500    50701.4396   792722   13.10%
   3312  1779    58003.8721  1510    58344.6500    50701.4396   795203   13.10%
   3355  1805    55893.5032  1697    58344.6500    50701.4396   809850   13.10%
   3380  1857    56884.5267  1639    58344.6500    50966.4572   823228   12.65%
Elapsed time = 498.38 sec. (153864.21 ticks, tree = 134.40 MB, solutions = 1)
   3397  1901    54112.5001  1672    58344.6500    50966.4572   835474   12.65%
   3412  1901    55647.1986  1698    58344.6500    50966.4572   837226   12.65%
   3430  1923    54654.3900  1369    58344.6500    50966.4572   844195   12.65%
   3442  1934    55620.8790  1726    58344.6500    50966.4572   850667   12.65%
   3460  1942    55235.8223  1696    58344.6500    51164.4292   853779   12.31%
   3474  1951    55465.6062  1462    58344.6500    51164.4292   862839   12.31%
   3495  1992    55068.3796  1468    58344.6500    51164.4292   884734   12.31%
   3517  2004    55409.8775  1361    58344.6500    51164.4292   887863   12.31%
   3554  2026    55844.1467  1385    58344.6500    51164.4292   890842   12.31%
   3593  2019    56291.9338  1592    58344.6500    51164.4292   897316   12.31%
Elapsed time = 534.42 sec. (163826.02 ticks, tree = 147.90 MB, solutions = 1)
   3636  2073    53843.4366  1703    58344.6500    51164.4292   917407   12.31%
   3680  2162    56518.9502  1088    58344.6500    51164.4292   934727   12.31%
   3727  2106    53280.9511  1701    58344.6500    51164.4292   931684   12.31%
   3769  2202    54402.7076  1602    58344.6500    51164.4292   955726   12.31%
   3796  2207    57249.8405  1592    58344.6500    51164.4292   952933   12.31%
   3825  2232    57216.9873  1437    58344.6500    51164.4292   964989   12.31%
   3865  2316    55999.4642  1508    58344.6500    51164.4292   984179   12.31%
   3905  2370    57094.4624  1527    58344.6500    51164.4292   994661   12.31%
   3944  2377    53075.1134  1822    58344.6500    51164.4292  1004241   12.31%
   4150  2547    57287.7324  1169    58344.6500    51234.5200  1037541   12.19%
Elapsed time = 581.00 sec. (176602.83 ticks, tree = 192.96 MB, solutions = 1)
   4303  2641    54648.5774  1954    58344.6500    51278.6401  1079022   12.11%
   4412  2773    55150.3854  1879    58344.6500    51287.3710  1117606   12.10%
   4470  2854    53989.6031  1788    58344.6500    51369.3396  1159954   11.96%
   4557  2930    56480.7278  1573    58344.6500    51369.3396  1201084   11.96%
   4639  3005    56958.2237  1774    58344.6500    51447.0031  1239906   11.82%
   4724  3049    57669.2382  1719    58344.6500    51447.0031  1254635   11.82%
   4764  3078    53702.3913  1795    58344.6500    51476.4848  1287447   11.77%
   4798  3114    54537.1707  1884    58344.6500    51476.4848  1313120   11.77%
   4889  3208    54640.3190  1690    58344.6500    51491.2845  1351391   11.75%
   5016  3319    56270.5236  1109    58344.6500    51491.2845  1388572   11.75%
Elapsed time = 721.81 sec. (215596.40 ticks, tree = 254.54 MB, solutions = 1)
   5155  3323    57867.3705  1816    58344.6500    51491.2845  1421796   11.75%
   5338  3474    56882.4004  1573    58344.6500    51529.5135  1470186   11.68%
   5399  3594    53594.4201  1827    58344.6500    51638.0563  1502739   11.49%
   5434  3692    57795.0815  1766    58344.6500    51638.0705  1538050   11.49%
   5477  3723    54990.3888  1656    58344.6500    51640.7305  1578898   11.49%
   5529  3753    56995.2026  1985    58344.6500    51640.7305  1603210   11.49%
   5619  3792    53284.0145  2089    58344.6500    51640.7305  1647503   11.49%
   5682  3860    54892.0871  1921    58344.6500    51645.3372  1683775   11.48%
   5781  3908    53443.5106  2040    58344.6500    51696.2450  1695308   11.40%
   5838  3995    56306.9905  2049    58344.6500    51696.2450  1742480   11.40%
Elapsed time = 860.16 sec. (255323.30 ticks, tree = 303.68 MB, solutions = 1)
   5926  4052    55578.4234  1715    58344.6500    51696.2450  1754065   11.40%
   6054  4168    55152.3511  1920    58344.6500    51721.6887  1814060   11.35%
   6110  4197    56878.7409  1661    58344.6500    51722.9035  1825994   11.35%
   6186  4294    53324.7681  1961    58344.6500    51722.9035  1862108   11.35%
   6232  4325    56030.7984  1818    58344.6500    51730.5658  1875656   11.34%
   6328  4377    57063.1177  1896    58344.6500    51734.2999  1924710   11.33%
   6398  4441    54284.2672  1980    58344.6500    51751.4204  1962411   11.30%
   6427  4510    54192.1261  2030    58344.6500    51776.5736  2009025   11.26%
   6482  4542    55243.4384  1872    58344.6500    51776.5736  2031892   11.26%
   6539  4593    56397.5567  1899    58344.6500    51776.5736  2081511   11.26%
Elapsed time = 1005.22 sec. (294242.80 ticks, tree = 355.42 MB, solutions = 1)
   6597  4643    57502.1153  1832    58344.6500    51833.2845  2117809   11.16%
   6683  4677    58116.0525  1719    58344.6500    51833.2845  2150690   11.16%
   6760  4775    56441.4980  1749    58344.6500    51850.3697  2203009   11.13%
   6834  4853    54196.0755  2009    58344.6500    51850.3899  2241515   11.13%
   6906  4899    58280.2594  1157    58344.6500    51850.3899  2262004   11.13%
   6944  4954    53550.8976  2171    58344.6500    51863.8345  2315552   11.11%
   6995  4970    54722.5480  2017    58344.6500    51863.8345  2324456   11.11%
   7056  5025    57322.8686  1899    58344.6500    51863.8345  2373139   11.11%
   7136  5073    57822.1789  1798    58344.6500    51863.8345  2414048   11.11%
   7190  5078    54152.2969  2026    58344.6500    51863.8345  2424316   11.11%
Elapsed time = 1148.95 sec. (332692.97 ticks, tree = 391.69 MB, solutions = 1)
   7278  5183    57346.5450  1753    58344.6500    51863.8345  2486156   11.11%
   7378  5280        cutoff          58344.6500    51863.8345  2537146   11.11%
   7453  5293    53140.6287  2129    58344.6500    51884.8723  2546450   11.07%
   7506  5326    56007.2188  1876    58344.6500    51884.8723  2575420   11.07%
   7543  5387    53979.4332  1849    58344.6500    51901.4030  2628891   11.04%
   7598  5404    57771.3874  1726    58344.6500    51901.4030  2638838   11.04%
   7669  5440        cutoff          58344.6500    51906.7345  2681352   11.03%
   7716  5486    55136.0464  2237    58344.6500    51907.6885  2712418   11.03%
   7786  5545    57481.4509  1999    58344.6500    51924.1061  2769999   11.00%
   7862  5581    54775.5308  1735    58344.6500    51924.1061  2794235   11.00%
Elapsed time = 1294.53 sec. (371428.49 ticks, tree = 435.10 MB, solutions = 1)
   7907  5625    58103.3953  1924    58344.6500    51936.3347  2822176   10.98%
   7982  5728    55417.7467  1851    58344.6500    51949.5191  2891600   10.96%
   8067  5749    56112.3854  1753    58344.6500    51949.5191  2889320   10.96%
   8183  5766    56138.7443  1838    58344.6500    51949.5191  2919642   10.96%
   8330  5894    56293.6526  1575    58344.6500    51956.8713  2969083   10.95%
   8452  6119    58182.0189   898    58344.6500    51956.8713  3031331   10.95%
   8517  6121    54014.9163  1996    58344.6500    51960.7157  3047359   10.94%
   8582  6139    57862.8693  1963    58344.6500    51970.9624  3067497   10.92%
   8660  6316    56318.7610  1302    58344.6500    51970.9624  3116660   10.92%
   8760  6304    55363.4455  1800    58344.6500    51971.2533  3138425   10.92%
Elapsed time = 1442.12 sec. (410109.80 ticks, tree = 485.30 MB, solutions = 1)
   8817  6438    56788.1090  1815    58344.6500    51977.0331  3203944   10.91%
   8903  6459    57554.0603  1834    58344.6500    51980.4448  3210251   10.91%
   8989  6472    55949.6642  2059    58344.6500    51980.7475  3239592   10.91%
   9042  6597    57202.3274  1987    58344.6500    51980.7475  3297210   10.91%
   9130  6645    56716.7078  1096    58344.6500    51986.3427  3323608   10.90%
   9215  6652    56790.1482  1858    58344.6500    51986.5032  3342436   10.90%
   9293  6771    58187.6781  1623    58344.6500    51986.5032  3414922   10.90%
   9333  6777    57360.7955  1926    58344.6500    51988.4386  3424752   10.89%
   9377  6851    53258.9870  1791    58344.6500    51998.0079  3495593   10.88%
   9427  6842    57277.8146  1893    58344.6500    51998.0079  3487709   10.88%
Elapsed time = 1590.58 sec. (448910.15 ticks, tree = 535.03 MB, solutions = 1)
   9470  6922    58139.3484  1905    58344.6500    51999.5722  3576547   10.88%
   9534  6919    53603.2554  2127    58344.6500    51999.5722  3562624   10.88%
   9589  6985    55670.1537  1905    58344.6500    52011.2921  3637093   10.86%
   9675  7017    55630.9210  1789    58344.6500    52017.3949  3666161   10.84%
   9769  7068    56936.7654  1521    58344.6500    52019.9480  3674987   10.84%
   9847  7100    56266.4862  1617    58344.6500    52022.9008  3729650   10.84%
   9928  7124    57817.1356  1537    58344.6500    52025.5810  3738315   10.83%
   9992  7305    57029.8896  1965    58344.6500    52025.5810  3805300   10.83%
  10047  7320    52368.9219  1938    58344.6500    52025.5810  3813947   10.83%
  10133  7389    54285.6274  1434    58344.6500    52041.6013  3872719   10.80%
Elapsed time = 1742.14 sec. (487686.82 ticks, tree = 584.05 MB, solutions = 1)
  10209  7436    56948.9588   973    58344.6500    52051.5712  3896941   10.79%
  10287  7525    54664.7071  2105    58344.6500    52060.3020  3958893   10.77%
  10339  7595    56315.6419  2069    58344.6500    52061.2979  3985040   10.77%
  10438  7651    57200.8243  2079    58344.6500    52061.2979  4028826   10.77%
  10501  7715    55517.5421  1920    58344.6500    52063.3529  4068030   10.77%
  10568  7719    55409.1104  2111    58344.6500    52065.9192  4061944   10.76%
  10632  7751    57611.8856  2042    58344.6500    52065.9643  4104678   10.76%
  10679  7815    54744.8038  2067    58344.6500    52066.8505  4132361   10.76%
  10730  7906    57393.0635  2073    58344.6500    52067.8545  4211234   10.76%
  10792  7925    54882.0459  2129    58344.6500    52069.6072  4220331   10.76%
Elapsed time = 1896.05 sec. (526849.02 ticks, tree = 631.16 MB, solutions = 1)
  10833  7942    52932.5602  2052    58344.6500    52073.6025  4261064   10.75%
  10887  7968        cutoff          58344.6500    52073.6025  4293281   10.75%
  10959  8042    57048.0508  1889    58344.6500    52080.0336  4352326   10.74%
  11019  8047    53883.2892  2008    58344.6500    52081.4598  4360991   10.73%
  11093  8124    57816.6563  1803    58344.6500    52086.7045  4389384   10.73%
  11150  8115    57884.2905  1993    58344.6500    52088.0016  4417525   10.72%
  11236  8127    57728.7319  1892    58344.6500    52096.6408  4444342   10.71%
  11268  8300    54839.7827  2028    58344.6500    52103.2494  4549566   10.70%
  11326  8253    57983.0775  1749    58344.6500    52103.2494  4524731   10.70%
  11375  8318    55293.5721  1898    58344.6500    52104.7115  4567041   10.69%
Elapsed time = 2048.14 sec. (566074.15 ticks, tree = 670.41 MB, solutions = 1)
  11416  8386    57904.1599  1500    58344.6500    52104.7115  4657719   10.69%
  11473  8351    58156.0855  1932    58344.6500    52108.9644  4629533   10.69%
  11551  8434    57722.4893  1775    58344.6500    52108.9925  4711456   10.69%
  11626  8464    56305.6448  1943    58344.6500    52112.2562  4758949   10.68%
  11659  8539    56624.3794  1924    58344.6500    52113.2736  4782480   10.68%
  11713  8480    56253.8853  2145    58344.6500    52117.0660  4754453   10.67%
  11769  8590    54344.1228  2085    58344.6500    52125.2210  4825539   10.66%
  11817  8656    55208.3433  2049    58344.6500    52125.6048  4883336   10.66%
  11879  8670    55129.8166  1735    58344.6500    52125.6048  4891989   10.66%
  11938  8691    56716.3920  1327    58344.6500    52125.6977  4900426   10.66%
Elapsed time = 2196.42 sec. (604626.42 ticks, tree = 696.28 MB, solutions = 1)
  11994  8761    54153.6914  2176    58344.6500    52125.6977  4979540   10.66%
  12042  8743    55135.3245  1976    58344.6500    52132.1792  4962562   10.65%
  12109  8864    55611.2315  2041    58344.6500    52136.6541  5036556   10.64%
  12200  8902    56979.7477  1762    58344.6500    52136.6541  5045292   10.64%
  12311  8905    57157.5009  2121    58344.6500    52136.6541  5097156   10.64%
  12370  9059    56650.5998  1799    58344.6500    52140.7002  5167138   10.63%
  12438  8968    54878.8921  1664    58344.6500    52140.7002  5134362   10.63%
  12497  9086    54241.1276  2050    58344.6500    52157.5423  5206441   10.60%
  12546  9148    58074.4645  1647    58344.6500    52160.1782  5237070   10.60%
  12614  9227    58062.7495  1634    58344.6500    52160.8597  5267345   10.60%
Elapsed time = 2349.25 sec. (643778.22 ticks, tree = 749.76 MB, solutions = 1)
  12662  9316    56944.8753  1995    58344.6500    52161.2026  5339226   10.60%
  12709  9282    58329.2273  2028    58344.6500    52164.6754  5328530   10.59%
  12748  9402    56675.2265  1582    58344.6500    52174.5892  5427520   10.58%
  12791  9368    54978.2687  2093    58344.6500    52175.2498  5389169   10.57%
  12836  9464    55809.2932  2065    58344.6500    52180.7620  5490777   10.56%
  12886  9486    56599.1246  1399    58344.6500    52180.7620  5499899   10.56%
  12961  9492    55404.7515  1922    58344.6500    52184.5366  5533918   10.56%
  13021  9528    56385.2151  1655    58344.6500    52196.4729  5565195   10.54%
  13072  9647    54893.2801  2061    58344.6500    52196.9470  5651413   10.54%
  13146  9683    56171.5690  1336    58344.6500    52196.9470  5659862   10.54%
Elapsed time = 2500.56 sec. (682664.39 ticks, tree = 781.63 MB, solutions = 1)
  13238  9718    57734.5412  1257    58344.6500    52196.9470  5668036   10.54%
  13295  9710    57123.9375  1956    58344.6500    52217.7287  5698786   10.50%
  13372  9749    58337.7539  2002    58344.6500    52219.4220  5729996   10.50%
  13420  9758    57141.5611  1850    58344.6500    52223.7878  5760741   10.49%
  13517  9888    58103.8696  1673    58344.6500    52227.3745  5820978   10.48%
  13571  9932    56586.6733  1772    58344.6500    52227.4706  5854371   10.48%
  13644 10036    56211.0678  1968    58344.6500    52227.8934  5933940   10.48%
  13689 10094    56775.1015  1983    58344.6500    52233.7576  5968017   10.47%
  13741 10112    53969.0260  2133    58344.6500    52233.8225  5997549   10.47%
  13801 10158    57172.7518  1943    58344.6500    52233.9777  6032278   10.47%
Elapsed time = 2650.64 sec. (721225.88 ticks, tree = 828.34 MB, solutions = 1)
  13869 10152    56122.2945  1784    58344.6500    52236.8411  6015280   10.47%
  13980 10329    56880.0979  1214    58344.6500    52243.3618  6117979   10.46%
  14087 10267    56148.6981  2015    58344.6500    52251.2021  6103987   10.44%
  14136 10364    56639.9205  1924    58344.6500    52251.2021  6137873   10.44%
  14189 10373    53735.5804  1602    58344.6500    52251.2021  6147093   10.44%
  14248 10550    56087.3154  1535    58344.6500    52255.5710  6255624   10.44%
  14328 10578    58085.8212  1449    58344.6500    52259.4682  6264284   10.43%
  14378 10534    56488.8039  2116    58344.6500    52264.3720  6246359   10.42%
  14436 10609    56527.1626  2153    58344.6500    52265.5326  6302937   10.42%
  14493 10692    53731.4165  1501    58344.6500    52267.0862  6364215   10.42%
Elapsed time = 2805.45 sec. (760456.40 ticks, tree = 879.80 MB, solutions = 1)
  14518 10699    54682.3883  1399    58344.6500    52271.2158  6373344   10.41%
  14571 10718    57289.0665  1496    58344.6500    52271.3796  6382289   10.41%
  14659 10751    55359.8060  2065    58344.6500    52275.3985  6415364   10.40%
  14717 10857    54203.1738  2114    58344.6500    52275.3985  6500887   10.40%
  14788 10924    55927.4574  2148    58344.6500    52275.3985  6565002   10.40%
  14847 10954    56978.5931  1334    58344.6500    52275.3985  6573623   10.40%
  14944 10977    54494.0801  1575    58344.6500    52275.3985  6611362   10.40%
  14995 11028    57406.1926  1953    58344.6500    52288.1760  6642196   10.38%
  15052 11199    54325.1935  2090    58344.6500    52288.9402  6734231   10.38%
  15113 11049    55332.7198  2102    58344.6500    52288.9402  6660069   10.38%
Elapsed time = 2957.75 sec. (799560.08 ticks, tree = 910.44 MB, solutions = 1)
  15170 11256    57324.3078  2097    58344.6500    52293.8576  6776685   10.37%
  15249 11324    57843.1124  1406    58344.6500    52297.7942  6850829   10.36%
  15306 11337    53719.4010  1551    58344.6500    52297.7942  6860421   10.36%
  15337 11348    54799.2003  1441    58344.6500    52299.0357  6869333   10.36%
  15377 11290    56185.8556  2140    58344.6500    52302.6931  6840500   10.36%
  15431 11402    57006.5036  1701    58344.6500    52302.6931  6917286   10.36%
  15479 11507    56105.7889  1759    58344.6500    52306.8495  6980182   10.35%
  15538 11565    55150.6746  1522    58344.6500    52307.2239  7056696   10.35%
  15595 11560    56972.9193  1980    58344.6500    52307.2239  7033211   10.35%
  15666 11603    58169.8496  1650    58344.6500    52308.6593  7075272   10.35%
Elapsed time = 3110.77 sec. (838580.76 ticks, tree = 965.03 MB, solutions = 1)
  15713 11648    54929.8897  1520    58344.6500    52308.6593  7137805   10.35%
  15786 11701        cutoff          58344.6500    52308.6593  7185522   10.35%
  15850 11787        cutoff          58344.6500    52322.9473  7240985   10.32%
  15927 11781    57428.0766  1828    58344.6500    52322.9473  7229844   10.32%
  16006 11860    56490.0754  1677    58344.6500    52329.8461  7281425   10.31%
  16090 11897    57327.6381  1354    58344.6500    52341.2380  7290270   10.29%
  16209 11834    57661.5947  1852    58344.6500    52341.2380  7277990   10.29%
  16267 11944    57834.3208  1943    58344.6500    52352.6905  7343991   10.27%
  16344 12061    58174.5656  1966    58344.6500    52352.6905  7410489   10.27%
  16402 12073    55053.1899  2138    58344.6500    52356.6028  7441715   10.26%
Elapsed time = 3265.47 sec. (877644.27 ticks, tree = 1011.12 MB, solutions = 1)
  16459 12087    56744.6466  1691    58344.6500    52360.8022  7428577   10.26%
  16544 12327    57512.0389  1021    58344.6500    52362.0529  7560315   10.25%
  16619 12283    56269.7691  2082    58344.6500    52362.0529  7541184   10.25%
  16694 12313    57458.1546  1318    58344.6500    52369.8283  7548529   10.24%
  16732 12364    55103.6549  2028    58344.6500    52376.8761  7607625   10.23%
  16778 12520    56959.8079  2029    58344.6500    52376.8761  7688905   10.23%
  16825 12552    54825.9738  1979    58344.6500    52383.7084  7709738   10.22%
  16860 12566    55291.0422  2046    58344.6500    52383.7084  7718648   10.22%
  16903 12583    55721.5004  1908    58344.6500    52384.3263  7727134   10.22%
  16939 12651    57478.9725  2169    58344.6500    52393.3080  7814208   10.20%
Elapsed time = 3419.56 sec. (916114.32 ticks, tree = 1070.42 MB, solutions = 1)
  16988 12664    56445.6456  2075    58344.6500    52393.3080  7823386   10.20%
  17053 12716    54961.3403  2161    58344.6500    52393.3624  7855884   10.20%
  17116 12663    54597.6658  2162    58344.6500    52399.7483  7804688   10.19%
  17151 12808    56775.9329  2252    58344.6500    52399.8184  7932573   10.19%
  17226 12774    57842.9715  1415    58344.6500    52405.6208  7909042   10.18%
  17271 12836    55730.7188  1455    58344.6500    52405.6208  7950794   10.18%
  17324 12805    54584.1388  2043    58344.6500    52409.2832  7926830   10.17%
  17386 12966    56457.3266  1932    58344.6500    52409.8272  8056021   10.17%
  17453 13080    56679.3074  1453    58344.6500    52416.6507  8135864   10.16%
  17528 12925    56967.5082  2036    58344.6500    52416.6507  8046230   10.16%
Elapsed time = 3579.95 sec. (954837.73 ticks, tree = 1098.50 MB, solutions = 1)
  17605 13058    57402.5056  1725    58344.6500    52427.0217  8119215   10.14%
  17671 13117    56177.1462  2234    58344.6500    52427.0217  8163650   10.14%
  17747 13164    57101.1953  1703    58344.6500    52427.0217  8201737   10.14%
  17843 13206    57979.8310  1983    58344.6500    52430.7397  8232161   10.14%
  17874 13298    55048.3638  2096    58344.6500    52432.0869  8284768   10.13%
  17920 13418    57549.6315  2117    58344.6500    52432.6042  8361945   10.13%
  17972 13363    54870.0894  1461    58344.6500    52432.6042  8338683   10.13%
  18016 13334    58245.5185  1996    58344.6500    52432.8214  8312377   10.13%
  18058 13382    53111.1088  2127    58344.6500    52436.0703  8355457   10.13%
  18104 13468    57383.9750  2196    58344.6500    52437.2390  8419515   10.13%
Elapsed time = 3736.48 sec. (994192.60 ticks, tree = 1154.00 MB, solutions = 1)
  18158 13598    54559.6434  2017    58344.6500    52442.2362  8538276   10.12%
  18209 13485    56312.8190  1829    58344.6500    52442.2362  8437220   10.12%
  18261 13638    56695.6208  2168    58344.6500    52442.2362  8555711   10.12%
  18317 13731    58319.9417  1528    58344.6500    52446.4745  8624966   10.11%
  18384 13733    55942.3252  2028    58344.6500    52447.9404  8633780   10.11%
  18428 13675    56589.8996  2022    58344.6500    52451.0884  8604379   10.10%
  18499 13748    55836.2086  1983    58344.6500    52451.0884  8664405   10.10%
  18556 13766    57312.5500  1444    58344.6500    52451.0884  8673246   10.10%
  18603 13780    58008.0549  1217    58344.6500    52454.1540  8682216   10.10%
  18644 13987    53407.3663  1962    58344.6500    52456.1496  8826110   10.09%
Elapsed time = 3893.09 sec. (1032738.97 ticks, tree = 1208.01 MB, solutions = 1)
  18713 13949    55712.6685  2179    58344.6500    52456.1496  8800275   10.09%
  18757 13964    57478.0852  1600    58344.6500    52458.6680  8808972   10.09%
  18824 14043    57565.1952  1909    58344.6500    52458.6680  8887701   10.09%
  18880 14038    56853.6754  1271    58344.6500    52469.5098  8862109   10.07%
  18935 14056    57504.6492  1369    58344.6500    52469.5098  8870992   10.07%
  19007 14070    57332.7787  2166    58344.6500    52469.5098  8914762   10.07%
  19056 14145    54632.5328  1873    58344.6500    52473.8550  8989812   10.06%
  19104 14105    56563.0836  1906    58344.6500    52473.8550  8955671   10.06%
  19184 14120    57185.0784  2047    58344.6500    52473.8550  8964521   10.06%
  19253 14309    58310.2039  1286    58344.6500    52473.8550  9115313   10.06%
Elapsed time = 4049.61 sec. (1071530.25 ticks, tree = 1237.23 MB, solutions = 1)
  19293 14311    54070.3428  2232    58344.6500    52483.5389  9123092   10.05%
  19367 14334    55155.3155  2083    58344.6500    52483.8534  9131162   10.05%
  19435 14356    56275.0243  1576    58344.6500    52483.8534  9139992   10.05%
  19509 14398    57373.0169  1527    58344.6500    52483.8534  9147848   10.05%
  19574 14621    53298.8543  2095    58344.6500    52488.1702  9297836   10.04%
  19626 14514    55792.4737  1365    58344.6500    52488.1702  9247208   10.04%
  19719 14670    58252.8797  2090    58344.6500    52489.8291  9360556   10.03%
  19818 14661    57063.7924  2066    58344.6500    52491.2586  9324149   10.03%
  19855 14779    57978.1414  2156    58344.6500    52491.2586  9452031   10.03%
  19885 14827    55359.0732  2250    58344.6500    52491.2586  9420599   10.03%
Elapsed time = 4205.91 sec. (1110094.61 ticks, tree = 1291.61 MB, solutions = 1)
  19929 14872    56180.9577  2011    58344.6500    52501.9495  9540731   10.01%
  19975 14844    56944.3191  2247    58344.6500    52503.8119  9500108   10.01%
  20011 15001    57197.9797  2184    58344.6500    52503.8119  9595896   10.01%
  20062 14912    57804.4271  1332    58344.6500    52505.5735  9561889   10.01%
  20121 15022    54141.3217  1778    58344.6500    52505.5735  9649517   10.01%
  20184 14953    57387.9653  1354    58344.6500    52506.9594  9578053   10.01%
  20235 15148    57795.3390  1280    58344.6500    52506.9594  9731226   10.01%
  20289 15054    55689.0893  2133    58344.6500    52508.4847  9677462   10.00%
  20350 15210    55580.4359  1967    58344.6500    52508.4847  9790595   10.00%
  20416 15231    56724.5161  1865    58344.6500    52508.4847  9799399   10.00%
Elapsed time = 4362.89 sec. (1149249.30 ticks, tree = 1333.52 MB, solutions = 1)
  20483 15071    57818.8185  2093    58344.6500    52508.4847  9726453   10.00%
  20511 15271    57802.7577  1989    58344.6500    52508.4847  9816555   10.00%
  20546 15279    57373.8114  1977    58344.6500    52515.9172  9887234    9.99%
  20604 15444    53564.9679  2227    58344.6500    52520.8846  9982926    9.98%
  20653 15448    56196.3174  2224    58344.6500    52525.4768  9991074    9.97%
  20706 15510    58062.0687  1281    58344.6500    52525.4768 10041656    9.97%
  20747 15465    58271.3681  2255    58344.6500    52525.4768 10007590    9.97%
  20788 15472    54904.6637  2056    58344.6500    52534.8173 10015981    9.96%
  20829 15534    58260.8448  2075    58344.6500    52538.3362 10093366    9.95%
  20867 15580    56834.2464  2275    58344.6500    52538.8563 10150526    9.95%
Elapsed time = 4516.70 sec. (1188168.98 ticks, tree = 1367.71 MB, solutions = 1)
  20921 15565    58123.2425  1550    58344.6500    52538.8563 10110275    9.95%
  20976 15682        cutoff          58344.6500    52545.5554 10249371    9.94%
  21010 15641    54006.6203  2160    58344.6500    52545.5554 10215222    9.94%
  21072 15717    56134.1719  1547    58344.6500    52552.9465 10267483    9.93%
  21156 15756    57053.9255  1912    58344.6500    52555.3074 10297284    9.92%
  21206 15794    56602.6878  1905    58344.6500    52562.4935 10354901    9.91%
  21256 15763    56250.7054  2065    58344.6500    52562.4935 10293868    9.91%
  21318 15932    56984.4759  2065    58344.6500    52563.1167 10445981    9.91%
  21384 15828    56300.9343  2118    58344.6500    52563.1167 10381030    9.91%
  21429 15985    56242.9139  2155    58344.6500    52563.4749 10490529    9.91%
Elapsed time = 4675.69 sec. (1227624.62 ticks, tree = 1400.24 MB, solutions = 1)
  21479 15995    57255.2557  2189    58344.6500    52565.9199 10499028    9.90%
  21535 16100    58155.4530  1805    58344.6500    52570.0253 10599939    9.90%
  21596 15976    55546.2841  2191    58344.6500    52570.0253 10489237    9.90%
  21640 16119    56486.0396  2189    58344.6500    52572.1635 10617330    9.89%
  21706 16033    56805.2802  2232    58344.6500    52572.1635 10534525    9.89%
  21766 16200    54631.5296  2217    58344.6500    52572.1635 10677129    9.89%
  21815 16139    54555.8478  1431    58344.6500    52584.2320 10644888    9.87%
  21863 16229    57108.6428  2145    58344.6500    52584.2320 10723922    9.87%
  21928 16238    53694.1354  1908    58344.6500    52584.2492 10732364    9.87%
  21988 16247    55231.5202  1916    58344.6500    52595.7890 10741118    9.85%
Elapsed time = 4834.72 sec. (1267014.30 ticks, tree = 1427.79 MB, solutions = 1)
  22058 16339    54572.9045  2137    58344.6500    52595.7890 10818981    9.85%
  22100 16373    57953.0468  2198    58344.6500    52595.7890 10847148    9.85%
  22142 16542    56420.8929  1606    58344.6500    52598.2129 11009578    9.85%
  22179 16383        cutoff          58344.6500    52598.2129 10865150    9.85%
  22245 16591    56590.3376  2148    58344.6500    52606.9823 11067930    9.83%
  22297 16600    56963.6837  2129    58344.6500    52610.9422 11076268    9.83%
  22348 16675    55421.3220  2201    58344.6500    52610.9422 11128295    9.83%
  22410 16624    57444.9211  1678    58344.6500    52610.9422 11092808    9.83%
  22473 16633    57985.7997  1568    58344.6500    52616.3816 11102111    9.82%
  22502 16779    54803.5037  2108    58344.6500    52622.0910 11232022    9.81%
Elapsed time = 4994.97 sec. (1306031.62 ticks, tree = 1479.46 MB, solutions = 1)
  22541 16788    57243.3846  2165    58344.6500    52623.6396 11240294    9.81%
  22605 16747    53972.1139  2199    58344.6500    52623.6396 11168563    9.81%
  22657 16819    53347.8473  2049    58344.6500    52627.1319 11256072    9.80%
  22741 16866    54613.3812  1388    58344.6500    52627.1319 11304960    9.80%
  22846 16898    56205.8217  1303    58344.6500    52627.1319 11272640    9.80%
  22974 16972    55833.6141  1870    58344.6500    52633.8523 11393353    9.79%
  23037 16954        cutoff          58344.6500    52633.8523 11376702    9.79%
  23106 16958    57181.7829  1837    58344.6500    52641.7238 11386529    9.77%
  23177 17031    53652.1861  1631    58344.6500    52641.9456 11420681    9.77%
  23240 17054    55195.8966  1322    58344.6500    52641.9456 11429751    9.77%
Elapsed time = 5154.64 sec. (1345030.86 ticks, tree = 1509.83 MB, solutions = 1)
  23322 17321    58284.2147  1929    58344.6500    52641.9456 11517419    9.77%
  23415 17399    58204.9932  1414    58344.6500    52641.9456 11571381    9.77%
  23468 17401    57678.3070  2079    58344.6500    52644.3800 11579908    9.77%
  23519 17527    54420.8910  1819    58344.6500    52644.3800 11625037    9.77%
  23579 17418    54940.7992  2186    58344.6500    52645.1947 11597758    9.77%
  23637 17706    53125.2732  2127    58344.6500    52650.7823 11775811    9.76%
  23669 17557    57493.2525  1956    58344.6500    52650.7823 11650734    9.76%
  23713 17719    56696.6004  2185    58344.6500    52650.7823 11793252    9.76%
  23809 17787    53989.2096  1831    58344.6500    52656.8750 11832062    9.75%
  23878 17851    55452.4034  1851    58344.6500    52656.8750 11894150    9.75%
Elapsed time = 5315.50 sec. (1383851.75 ticks, tree = 1594.58 MB, solutions = 1)
  23946 17836    56020.7193  1378    58344.6500    52662.3240 11849031    9.74%
  24067 17777    56487.2063  2170    58344.6500    52662.3240 11825903    9.74%
  24110 17935    55090.2524  2083    58344.6500    52667.3195 11918678    9.73%
  24205 17980    56390.9036  1126    58344.6500    52667.3195 11971532    9.73%
  24312 17958    55133.9057  1969    58344.6500    52668.4150 11936009    9.73%
  24344 18203    56745.5022  2004    58344.6500    52671.7015 12108259    9.72%
  24387 18017    56332.8884  2023    58344.6500    52671.7015 11998061    9.72%
  24404 18090    54702.4362  2153    58344.6500    52671.7015 12074743    9.72%
  24450 18102    58321.7276  2022    58344.6500    52671.7015 12084354    9.72%
  24474 18105    58282.7665  2111    58344.6500    52671.7474 12092966    9.72%
Elapsed time = 5523.78 sec. (1423142.27 ticks, tree = 1621.84 MB, solutions = 1)
  24509 18260    56159.5934  1433    58344.6500    52683.9357 12151870    9.70%
  24550 18421    52780.2345  2179    58344.6500    52685.3246 12230973    9.70%
  24581 18476    55010.5531  1224    58344.6500    52685.3246 12287598    9.70%
  24609 18437    55536.3868  2175    58344.6500    52685.3246 12248959    9.70%
  24651 18512    57840.9018   993    58344.6500    52685.3246 12306827    9.70%
  24679 18515    54282.9314  2169    58344.6500    52685.3246 12315593    9.70%
  24703 18526    55306.6496  2164    58344.6500    52685.3246 12324643    9.70%

Performing restart 2

Repeating presolve.
Tried aggregator 1 time.
MIP Presolve eliminated 1705 rows and 2508 columns.
MIP Presolve added 2 rows and 0 columns.
Reduced MIP has 6327 rows, 9485 columns, and 32440 nonzeros.
Reduced MIP has 5469 binaries, 4016 generals, 0 SOSs, and 0 indicators.
Presolve time = 0.16 sec. (19.69 ticks)
Tried aggregator 1 time.
Reduced MIP has 6327 rows, 9485 columns, and 32440 nonzeros.
Reduced MIP has 5469 binaries, 4016 generals, 0 SOSs, and 0 indicators.
Presolve time = 0.03 sec. (21.43 ticks)
Represolve time = 7.59 sec. (328.26 ticks)
  24731     0    50589.3623  2209    58344.6500     Cuts: 938 12510051    9.68%
  24731     0    50614.8130  1955    58344.6500     Cuts: 229 12511265    9.68%
  24731     0    50636.2967  1556    58344.6500    Cuts: 1681 12512207    9.68%
  24731     0    50654.2897  1936    58344.6500     Cuts: 919 12513101    9.68%
  24731     0    50673.1954  1839    58344.6500     Cuts: 672 12514231    9.68%
  24731     0    50686.6568  1915    58344.6500    Cuts: 1643 12515228    9.68%
  24731     0    50700.0869  1909    58344.6500     Cuts: 957 12516116    9.68%
  24731     0    50749.4972  1998    58344.6500    Cuts: 1569 12517786    9.68%
  24731     0    50759.4010  1809    58344.6500    Cuts: 1424 12518761    9.68%
  24731     0    50768.2889  1990    58344.6500    Cuts: 1681 12519778    9.68%
  24731     2    50768.2889  1845    58344.6500    52696.6867 12519778    9.68%
  24766    34    52574.2709  1754    58344.6500    52696.6867 12547444    9.68%
  24819    78    55721.5154  1563    58344.6500    52696.6867 12580597    9.68%
Elapsed time = 5720.28 sec. (1497145.17 ticks, tree = 2.17 MB, solutions = 1)
  24908   142    56623.2253  1637    58344.6500    52696.6867 12610549    9.68%
  25016   234        cutoff          58344.6500    52696.6867 12650477    9.68%
  25113   310    54525.1112  1645    58344.6500    52696.6867 12692265    9.68%
  25261   411    52156.7426  1788    58344.6500    52696.6867 12741255    9.68%
  25403   541    54134.2443  1672    58344.6500    52696.6867 12792737    9.68%
  25571   715    56808.7645  1521    58344.6500    52696.6867 12840340    9.68%
  25628   745    53432.3440  1836    58344.6500    52696.6867 12867318    9.68%
  25780   910    54739.9038  1772    58344.6500    52696.6867 12931801    9.68%
  25911  1008    55539.4822  1388    58344.6500    52696.6867 12955838    9.68%
  25997  1059    51743.7102  1766    58344.6500    52696.6867 12981858    9.68%
Elapsed time = 5844.56 sec. (1535849.93 ticks, tree = 56.35 MB, solutions = 1)
  26107  1168    53905.4234  1610    58344.6500    52696.6867 13040196    9.68%
  26253  1304    56996.3278   954    58344.6500    52696.6867 13088557    9.68%
  26368  1414    55628.3534  1531    58344.6500    52696.6867 13133135    9.68%
  26461  1461    57056.3266  1335    58344.6500    52696.6867 13165588    9.68%
  26624  1559    58147.8044  1427    58344.6500    52696.6867 13206623    9.68%
  26730  1691    57266.0347  1573    58344.6500    52696.6867 13260459    9.68%
  26903  1789    56124.9265   803    58344.6500    52696.6867 13284313    9.68%
  27147  2043    56893.6944  1510    58344.6500    52696.6867 13349881    9.68%
  27257  2115    57007.1092  1414    58344.6500    52696.6867 13382320    9.68%
  27374  2202    54721.4540  1586    58344.6500    52696.6867 13430047    9.68%
Elapsed time = 5972.91 sec. (1574433.50 ticks, tree = 126.23 MB, solutions = 1)
  27502  2320    57247.5866  1340    58344.6500    52696.6867 13466149    9.68%
  27609  2449    57034.7093  1166    58344.6500    52696.6867 13517797    9.68%
  27718  2474    54607.3733  1579    58344.6500    52696.6867 13535731    9.68%
  27806  2585    56301.6176  1640    58344.6500    52696.6867 13587476    9.68%
  27932  2685    56893.5215   876    58344.6500    52696.6867 13617074    9.68%
  28048  2748        cutoff          58344.6500    52696.6867 13654763    9.68%
  28121  2851    56247.5618  1038    58344.6500    52696.6867 13701933    9.68%
  28239  2886    56030.5386  1684    58344.6500    52696.6867 13733531    9.68%
  28303  3004    52187.4071  1845    58344.6500    52696.6867 13781162    9.68%
  28404  3070    57212.3813  1602    58344.6500    52696.6867 13822846    9.68%
Elapsed time = 6101.31 sec. (1613095.72 ticks, tree = 166.95 MB, solutions = 1)
  28510  3125    57794.4085  1557    58344.6500    52696.6867 13849178    9.68%
  28632  3237    55561.5620  1797    58344.6500    52696.6867 13914508    9.68%
  28734  3302    57410.8538  1313    58344.6500    52696.6867 13934956    9.68%
  28836  3420    57067.4301  1127    58344.6500    52696.6867 13984676    9.68%
  28943  3510    57706.3287  1488    58344.6500    52696.6867 14040515    9.68%
  29030  3520    54920.1595  1789    58344.6500    52696.6867 14058771    9.68%
  29100  3590        cutoff          58344.6500    52696.6867 14114409    9.68%
  29197  3666    56363.0653  1390    58344.6500    52696.6867 14153322    9.68%
  29300  3774    55183.1865  1651    58344.6500    52696.6867 14217911    9.68%
  29408  3774    57511.4260  1366    58344.6500    52696.6867 14216785    9.68%
Elapsed time = 6231.56 sec. (1651600.80 ticks, tree = 208.26 MB, solutions = 1)
  29557  3936    54224.0615  1775    58344.6500    52696.6867 14292088    9.68%
  29750  3983    56016.9654  1249    58344.6500    52696.6867 14302214    9.68%
  29840  4125    57425.6023  1435    58344.6500    52696.6867 14352485    9.68%
  29975  4260    55992.9916  1734    58344.6500    52696.6867 14409371    9.68%
  30068  4335    57095.1628  1325    58344.6500    52696.6867 14441879    9.68%
  30135  4372    56346.6049  1751    58344.6500    52696.6867 14472959    9.68%
  30220  4467    56784.0134  1658    58344.6500    52696.6867 14509563    9.68%
  30388  4520    56177.3214  1270    58344.6500    52696.6867 14545057    9.68%
  30482  4670    58174.7885   990    58344.6500    52696.6867 14603872    9.68%
  30584  4821    55393.8081  1265    58344.6500    52696.6867 14659674    9.68%
Elapsed time = 6365.22 sec. (1690175.79 ticks, tree = 279.54 MB, solutions = 1)
  30708  4851    57261.2134  1078    58344.6500    52696.6867 14695774    9.68%
  30814  4942    55142.2257  1394    58344.6500    52696.6867 14728873    9.68%
  30885  5001    54233.7341  1337    58344.6500    52696.6867 14748215    9.68%
  31020  5039    56149.3484  1273    58344.6500    52696.6867 14783465    9.68%
  31189  5194    57469.1277  1098    58344.6500    52696.6867 14837545    9.68%
  31306  5374    56787.4897  1609    58344.6500    52696.6867 14903805    9.68%
  31446  5445    57871.9576  1072    58344.6500    52696.6867 14924973    9.68%
  31580  5560        cutoff          58344.6500    52696.6867 14973747    9.68%
  31655  5690    56600.9781  1683    58344.6500    52696.6867 15033205    9.68%
  31739  5672    55331.0299  1824    58344.6500    52696.6867 15015619    9.68%
Elapsed time = 6501.69 sec. (1728627.02 ticks, tree = 333.07 MB, solutions = 1)
  31829  5752    57036.3536  1201    58344.6500    52696.6867 15062688    9.68%
  31940  5818    55841.9126  1192    58344.6500    52696.6867 15113248    9.68%
  32037  5880    57788.9618  1060    58344.6500    52696.6867 15158589    9.68%
  32091  5987    57477.8228  1788    58344.6500    52696.6867 15227437    9.68%
  32150  5994    54453.0972  1378    58344.6500    52696.6867 15235488    9.68%
  32228  6079    55270.1057  1312    58344.6500    52696.6867 15299931    9.68%
  32342  6180    55901.0114   864    58344.6500    52696.6867 15341046    9.68%
  32445  6153    58062.8376  1850    58344.6500    52696.6867 15360985    9.68%
  32544  6316    52927.1121  2069    58344.6500    52696.6867 15428867    9.68%
  32650  6348    55473.6322  1165    58344.6500    52696.6867 15438886    9.68%
Elapsed time = 6639.62 sec. (1767378.17 ticks, tree = 376.26 MB, solutions = 1)
  32743  6444    54427.8382   963    58344.6500    52696.6867 15495995    9.68%
  32869  6627    56277.7197   661    58344.6500    52696.6867 15563051    9.68%
  33034  6680    56307.4523  1307    58344.6500    52696.6867 15585658    9.68%
  33146  6830    54935.4925  1877    58344.6500    52696.6867 15640944    9.68%
  33237  6853    56728.6569  1769    58344.6500    52696.6867 15651321    9.68%
  33304  6875    56740.9860  1637    58344.6500    52696.6867 15674597    9.68%
  33388  6980    56416.2301  1899    58344.6500    52696.6867 15727124    9.68%
  33422  7094    53863.7260  1912    58344.6500    52696.6867 15777694    9.68%
  33479  7166    56747.9674  1310    58344.6500    52696.6867 15834630    9.68%
  33561  7199    57607.7437  1022    58344.6500    52696.6867 15845830    9.68%
Elapsed time = 6776.25 sec. (1806027.90 ticks, tree = 435.19 MB, solutions = 1)
  33654  7196    57740.5789  1799    58344.6500    52696.6867 15876726    9.68%
  33726  7307    57432.8581  1785    58344.6500    52696.6867 15927278    9.68%
  33805  7336    58302.7056   751    58344.6500    52696.6867 15952783    9.68%
  33877  7419    56678.3866  1590    58344.6500    52696.6867 16009169    9.68%
  33983  7531    55953.7971  1396    58344.6500    52696.6867 16054694    9.68%
  34061  7511    56563.5729  1417    58344.6500    52710.3902 16045723    9.66%
  34137  7600    58011.7697  1393    58344.6500    52710.3902 16117278    9.66%
  34252  7716    57649.2879  1077    58344.6500    52749.1825 16165969    9.59%
  34330  7765    56551.1014  1427    58344.6500    52764.5196 16219655    9.56%
  34416  7734    56638.3337  1942    58344.6500    52764.5196 16210891    9.56%
Elapsed time = 6916.16 sec. (1844733.45 ticks, tree = 474.52 MB, solutions = 1)
  34516  7936    55328.0998  1152    58344.6500    52781.3070 16302702    9.54%
  34648  8027    57942.7882   960    58344.6500    52781.3070 16313247    9.54%
  34752  7950    54165.3674  1857    58344.6500    52793.0496 16336478    9.52%
  34849  8141    58262.7052  1231    58344.6500    52818.6715 16399818    9.47%
  34950  8218    56979.3604  1825    58344.6500    52818.6715 16449154    9.47%
  35042  8280    57915.5409  1200    58344.6500    52818.6715 16480591    9.47%
  35114  8368    57989.9575  1152    58344.6500    52819.0276 16510918    9.47%
  35224  8395    56450.4610  1647    58344.6500    52853.4804 16530362    9.41%
  35338  8455    58194.6953  1807    58344.6500    52855.0122 16580698    9.41%
  35438  8536    56953.0909  1425    58344.6500    52860.1865 16623706    9.40%
Elapsed time = 7057.72 sec. (1883234.39 ticks, tree = 534.71 MB, solutions = 1)
  35555  8602    56254.1162  1121    58344.6500    52861.6621 16649717    9.40%
  35731  8674        cutoff          58344.6500    52874.2615 16699992    9.38%
  35819  8715    57492.3793  1252    58344.6500    52882.6222 16725118    9.36%
  35925  8939    56010.5358  1837    58344.6500    52882.6222 16794338    9.36%
  36014  9013    57662.1467  1699    58344.6500    52882.6222 16834052    9.36%
  36075  9060    55920.2799  1359    58344.6500    52882.6222 16866114    9.36%
  36139  9101    54659.4463  1896    58344.6500    52901.8991 16909771    9.33%
  36219  9204    58139.3833  1218    58344.6500    52901.8991 16959693    9.33%
  36291  9239    55868.9667  1345    58344.6500    52904.3065 16990767    9.32%
  36392  9278    55034.5386  1262    58344.6500    52904.3065 17030502    9.32%
Elapsed time = 7199.48 sec. (1922065.86 ticks, tree = 584.16 MB, solutions = 1)
  36520  9338    57308.8634   954    58344.6500    52920.3100 17041054    9.30%
  36610  9417    52984.4191  2029    58344.6500    52926.2361 17107745    9.29%
  36706  9502    55615.7997  1919    58344.6500    52927.1324 17134930    9.29%
  36801  9626    57205.8594  1263    58344.6500    52939.7732 17195187    9.26%
  36925  9661    56582.5858  1870    58344.6500    52939.7732 17219428    9.26%
  37018  9680        cutoff          58344.6500    52941.3547 17229507    9.26%
  37135  9785    56184.6020  1140    58344.6500    52941.3547 17285111    9.26%
  37248  9884    57840.2604  1102    58344.6500    52960.1686 17333375    9.23%
  37349  9934    57463.9270  1649    58344.6500    52960.1686 17360445    9.23%
  37460 10030    57568.7830  1871    58344.6500    52961.0365 17399006    9.23%
Elapsed time = 7342.52 sec. (1960622.21 ticks, tree = 641.41 MB, solutions = 1)
  37553 10262    57360.0991  1719    58344.6500    52961.8407 17517493    9.23%
  37646 10180    58312.7650  1097    58344.6500    52961.8871 17481393    9.23%
  37728 10411    55320.1082  1789    58344.6500    52961.8871 17603321    9.23%
  37793 10426    58169.9322  1370    58344.6500    52962.2361 17613847    9.23%
  37918 10465    58245.9282  1154    58344.6500    52962.2361 17642585    9.23%
  37993 10489    57051.8305  1437    58344.6500    52991.6983 17652547    9.17%
  38057 10528        cutoff          58344.6500    52992.4857 17701023    9.17%
  38123 10592    55979.0522  1879    58344.6500    52993.0383 17737233    9.17%
  38194 10732    56394.2088  1491    58344.6500    52996.4534 17840685    9.17%
  38310 10696    57057.7838  1695    58344.6500    52996.7343 17799140    9.17%
Elapsed time = 7524.12 sec. (1999427.57 ticks, tree = 692.47 MB, solutions = 1)
  38385 10775    58125.6362  1902    58344.6500    52996.7343 17861244    9.17%
  38468 10901    55545.4367  1178    58344.6500    53014.7939 17938528    9.14%
  38578 10977    57204.1646  1105    58344.6500    53016.5628 17947507    9.13%
  38656 11009    56549.5849  1638    58344.6500    53016.5628 17957898    9.13%
  38759 11036    57217.2732  1269    58344.6500    53019.0694 18015513    9.13%
  38846 11252    54454.4167  1291    58344.6500    53019.0694 18117730    9.13%
  38913 11280    55071.2627  1295    58344.6500    53020.5530 18128570    9.13%
  39015 11348    57055.0384  1132    58344.6500    53047.1461 18215304    9.08%
  39137 11336    58262.3882  1207    58344.6500    53047.1461 18200331    9.08%
  39212 11312    56989.8059  1779    58344.6500    53048.8122 18177108    9.08%
Elapsed time = 7701.44 sec. (2038043.40 ticks, tree = 727.97 MB, solutions = 1)
  39264 11465    55513.6657  1894    58344.6500    53065.4854 18285869    9.05%
  39319 11451    57216.9052  1892    58344.6500    53067.3660 18267541    9.05%
  39396 11567    55172.6514  1883    58344.6500    53067.8488 18363861    9.04%
  39467 11625    57649.5015  1619    58344.6500    53077.2782 18405980    9.03%
  39555 11699    57695.2668  1936    58344.6500    53078.1406 18477588    9.03%
  39652 11726    54874.3036  1104    58344.6500    53084.8574 18487698    9.02%
  39805 11713    57757.4540  1328    58344.6500    53084.8574 18467632    9.02%
  39897 11991        cutoff          58344.6500    53096.2699 18600298    9.00%
  39931 11809    57654.6729  1706    58344.6500    53100.0027 18552248    8.99%
  39993 12011    55448.8783  1912    58344.6500    53100.0027 18620033    8.99%
Elapsed time = 7879.42 sec. (2076506.52 ticks, tree = 778.80 MB, solutions = 1)
  40057 12121    56881.3333  1874    58344.6500    53104.5550 18701932    8.98%
  40128 12160    55604.9500  1962    58344.6500    53106.2941 18738840    8.98%
  40194 12142    55918.6637  1948    58344.6500    53107.5144 18720920    8.98%
  40277 12213    54773.3927  1889    58344.6500    53107.5144 18782675    8.98%
  40381 12325    55630.8635  1417    58344.6500    53107.5144 18871357    8.98%
  40505 12244    56684.0807  1649    58344.6500    53109.6223 18823423    8.97%
  40626 12279    58177.4787  1629    58344.6500    53109.6223 18833374    8.97%
  40730 12401    56048.7661  1945    58344.6500    53117.7221 18899817    8.96%
  40808 12464    57607.0624  1486    58344.6500    53122.2508 18935200    8.95%
  40932 12737    55411.8424  1143    58344.6500    53126.2153 19048356    8.94%
Elapsed time = 8058.61 sec. (2115384.64 ticks, tree = 829.37 MB, solutions = 1)
  41107 12834    57176.6888   879    58344.6500    53130.4238 19058391    8.94%
  41261 12927    57942.9846  1689    58344.6500    53138.4679 19154505    8.92%
  41347 12860    56519.2173  1885    58344.6500    53139.3604 19132693    8.92%
  41422 12806    56494.2440  1850    58344.6500    53139.3604 19109359    8.92%
  41490 13126    55053.0793  1875    58344.6500    53142.3561 19205808    8.92%
  41574 13269    58283.9696  1131    58344.6500    53143.1937 19300657    8.92%
  41649 13201    56818.6014  1320    58344.6500    53150.4936 19248191    8.90%
  41732 13250    56815.9914  1270    58344.6500    53150.4936 19289538    8.90%
  41813 13496    55592.7472  1726    58344.6500    53155.7649 19442972    8.89%
  41912 13330    58070.6619  1705    58344.6500    53155.7649 19363205    8.89%
Elapsed time = 8238.69 sec. (2153805.40 ticks, tree = 875.02 MB, solutions = 1)
  41971 13443    57077.5421  1710    58344.6500    53162.6743 19430522    8.88%
  42057 13579    58122.9151  1820    58344.6500    53174.5983 19518271    8.86%
  42150 13591    57635.4396  1958    58344.6500    53185.5084 19527814    8.84%
  42234 13606        cutoff          58344.6500    53185.5084 19538251    8.84%
  42323 13682    56536.9750  1291    58344.6500    53185.9479 19583049    8.84%
  42411 13703    57618.5520  1299    58344.6500    53188.9021 19593707    8.84%
  42553 13902    56576.4830  1444    58344.6500    53199.3111 19723035    8.82%
  42621 13808    57851.7971  2050    58344.6500    53199.3111 19670253    8.82%
  42697 14080        cutoff          58344.6500    53199.6428 19774814    8.82%
  42779 14094    57264.1241  1309    58344.6500    53215.7476 19784772    8.79%
Elapsed time = 8406.36 sec. (2192282.21 ticks, tree = 922.61 MB, solutions = 1)
  42857 14203        cutoff          58344.6500    53218.0419 19876284    8.79%
  42914 14214    56188.6410  1965    58344.6500    53218.0419 19886571    8.79%
  42987 14327    55584.4785  1867    58344.6500    53227.6546 19951869    8.77%
  43066 14354    57516.7056  1876    58344.6500    53232.1203 19961511    8.76%
  43140 14421    55562.7147  1298    58344.6500    53235.2231 20030078    8.76%
  43238 14449    57731.1219  1366    58344.6500    53241.5110 20039803    8.75%
  43341 14399    57652.3303  1871    58344.6500    53242.6753 20013508    8.74%
  43417 14568    58078.3893  1065    58344.6500    53242.6753 20128708    8.74%
  43481 14665    54724.1963  1876    58344.6500    53251.9087 20187569    8.73%
  43556 14756    57872.3826   833    58344.6500    53252.8172 20232564    8.73%
Elapsed time = 8564.09 sec. (2230734.71 ticks, tree = 974.18 MB, solutions = 1)
  43622 14691    55644.0508  1823    58344.6500    53265.2842 20205695    8.71%
  43712 14706        cutoff          58344.6500    53265.2842 20215334    8.71%
  43809 14802    54302.1841  1488    58344.6500    53272.6079 20258442    8.69%
  43902 14894    57575.6270  1212    58344.6500    53277.2606 20334664    8.69%
  43973 15018    55793.4792  1279    58344.6500    53278.2643 20412338    8.68%
  44029 15045    57708.9021   972    58344.6500    53278.2643 20422062    8.68%
  44126 15070    53756.2461  1857    58344.6500    53279.9564 20430138    8.68%
  44192 15268    55686.3452  1912    58344.6500    53282.2500 20557364    8.68%
  44273 15206    58136.3759  1399    58344.6500    53282.2500 20534037    8.68%
  44315 15211    57000.9567  1233    58344.6500    53282.6036 20540646    8.68%
Elapsed time = 8724.45 sec. (2269178.17 ticks, tree = 1007.21 MB, solutions = 1)
  44395 15228        cutoff          58344.6500    53286.1058 20550730    8.67%
  44445 15301    56774.2827  1978    58344.6500    53286.1058 20589461    8.67%
  44506 15460    55697.5205  1375    58344.6500    53294.1410 20686601    8.66%
  44567 15432    57438.9002  1703    58344.6500    53294.7065 20671255    8.66%
  44654 15552        cutoff          58344.6500    53294.7065 20765879    8.66%
  44701 15564    57429.1033  1216    58344.6500    53295.9789 20775519    8.65%
  44788 15627    57930.1631  1488    58344.6500    53306.9081 20815226    8.63%
  44854 15702    54228.2376  1499    58344.6500    53306.9081 20889455    8.63%
  44967 15739    58028.6741  1953    58344.6500    53316.0236 20927710    8.62%
  45026 15747    55136.6577  2058    58344.6500    53316.7146 20937128    8.62%
Elapsed time = 8896.25 sec. (2307908.65 ticks, tree = 1047.73 MB, solutions = 1)
  45094 15766        cutoff          58344.6500    53322.5097 20916418    8.61%
  45166 15888    57293.1517  1022    58344.6500    53325.3334 21015863    8.60%
  45243 15990    56952.7461  1995    58344.6500    53330.7727 21058341    8.59%
  45315 15842        cutoff          58344.6500    53330.7727 20998456    8.59%
  45362 16005    57716.0368  1354    58344.6500    53333.6550 21074711    8.59%
  45468 16063        cutoff          58344.6500    53338.8348 21140269    8.58%
  45517 16220    57170.8924  2014    58344.6500    53338.8348 21222399    8.58%
  45587 16096    57527.0410  1853    58344.6500    53339.8837 21158537    8.58%
  45651 16105    55413.3220  2026    58344.6500    53339.8837 21168008    8.58%
  45722 16309    56726.7647  1357    58344.6500    53340.2331 21307033    8.58%
Elapsed time = 9057.77 sec. (2346386.00 ticks, tree = 1089.84 MB, solutions = 1)
  45797 16334    58132.8595  1304    58344.6500    53350.3027 21316587    8.56%
  45888 16474    57460.5052  1416    58344.6500    53354.4022 21432437    8.55%
  45949 16352    57386.5486  2003    58344.6500    53354.4022 21334743    8.55%
  46021 16418    56330.0516  1152    58344.6500    53354.4022 21382565    8.55%
  46086 16437    56468.8942  1309    58344.6500    53364.0964 21425974    8.54%
  46159 16697    57715.6195  1399    58344.6500    53368.5870 21568161    8.53%
  46262 16591    57631.5809  1093    58344.6500    53371.6109 21502012    8.52%
  46349 16679    55769.3971  1484    58344.6500    53371.6109 21553147    8.52%
  46436 16807    57435.1950  1474    58344.6500    53373.5445 21651403    8.52%
  46518 16816    56891.3101  1899    58344.6500    53378.7225 21661720    8.51%
Elapsed time = 9219.94 sec. (2385054.21 ticks, tree = 1132.15 MB, solutions = 1)
  46610 16963    54535.5740  1374    58344.6500    53378.7225 21746456    8.51%
  46697 16907        cutoff          58344.6500    53380.8610 21721110    8.51%
  46803 17003    53845.6613  2119    58344.6500    53380.8610 21764902    8.51%
  46886 17157    56606.9594  1993    58344.6500    53384.0756 21870921    8.50%
  46958 17089    55926.0954  2005    58344.6500    53389.0986 21838409    8.49%
  46993 17244    56727.6883  1961    58344.6500    53389.0986 21922829    8.49%
  47051 17108    57465.5395  1649    58344.6500    53390.3791 21856466    8.49%
  47113 17205    57460.2433  1986    58344.6500    53390.3791 21907051    8.49%
  47183 17389    58236.5740  1688    58344.6500    53398.3251 22049478    8.48%
  47269 17340    54996.0012  1469    58344.6500    53398.3898 21993614    8.48%
Elapsed time = 9380.94 sec. (2423694.73 ticks, tree = 1176.40 MB, solutions = 1)
  47353 17441    56276.6346  1465    58344.6500    53399.4733 22099262    8.48%
  47414 17452    55577.0927  1539    58344.6500    53399.4733 22108460    8.48%
  47462 17472    57475.7527  1503    58344.6500    53399.4733 22117736    8.48%
  47493 17587    56323.1671  1508    58344.6500    53404.0223 22181350    8.47%
  47565 17561    55229.0357  1459    58344.6500    53406.5118 22167423    8.46%
  47673 17603    55987.9894  1921    58344.6500    53409.9106 22200198    8.46%
  47733 17667        cutoff          58344.6500    53409.9106 22250206    8.46%
  47779 17815    54497.5262  2091    58344.6500    53414.0758 22345696    8.45%
  47835 17805    55590.0001  2053    58344.6500    53418.5698 22334289    8.44%
  47894 17831    56918.3872  1983    58344.6500    53418.5698 22361634    8.44%
Elapsed time = 9544.80 sec. (2462419.42 ticks, tree = 1212.02 MB, solutions = 1)
  47951 17991    57055.9323  2054    58344.6500    53419.0412 22483397    8.44%
  48025 17968    56368.4072  1267    58344.6500    53419.0412 22460119    8.44%
  48093 18041    56928.4120  1350    58344.6500    53428.2948 22525160    8.43%
  48158 18095    56507.3439  1678    58344.6500    53433.0294 22575901    8.42%
  48244 18045    55355.5052  1294    58344.6500    53433.0294 22521197    8.42%
  48311 18235    57673.2769  1120    58344.6500    53435.6184 22660285    8.41%
  48382 18244    55491.6745  1372    58344.6500    53435.6184 22668376    8.41%
  48453 18372    55138.3183  2033    58344.6500    53437.7874 22746597    8.41%
  48548 18447    57086.5931  1495    58344.6500    53440.5031 22784123    8.41%
  48633 18311    57136.1411  2103    58344.6500    53440.5031 22718030    8.41%
Elapsed time = 9712.88 sec. (2501058.01 ticks, tree = 1251.27 MB, solutions = 1)
  48703 18510    57638.8722  1396    58344.6500    53445.6000 22830880    8.40%
  48756 18432    56454.2640  1856    58344.6500    53445.6000 22782840    8.40%
  48805 18547    56159.7058  1169    58344.6500    53449.4564 22871835    8.39%
  48868 18630    55474.8642  1360    58344.6500    53460.6553 22926486    8.37%
  48925 18652    56662.1598  1966    58344.6500    53460.6553 22935496    8.37%
  49004 18599    55549.1234  2000    58344.6500    53470.7237 22900623    8.35%
  49075 18745    56519.2052  1431    58344.6500    53470.7237 23000789    8.35%
  49150 18758    57791.8227  1347    58344.6500    53478.8460 23009816    8.34%
  49226 18903    56437.2172  2150    58344.6500    53479.7000 23092413    8.34%
  49312 18793    56607.1410  1473    58344.6500    53479.7000 23028062    8.34%
Elapsed time = 9876.62 sec. (2539418.29 ticks, tree = 1293.04 MB, solutions = 1)
  49394 18968    55191.2736  2117    58344.6500    53481.2142 23151080    8.34%
  49441 18941    57521.2851  1395    58344.6500    53481.2142 23120316    8.34%
  49522 19074    57520.6980  1683    58344.6500    53484.0350 23223727    8.33%
  49590 19125    55097.3301  2182    58344.6500    53486.1011 23278470    8.33%
  49652 19058    54818.6451  1640    58344.6500    53486.1011 23216583    8.33%
  49704 19262    56610.9117  1274    58344.6500    53489.0535 23363189    8.32%
  49771 19250    57324.6529  1938    58344.6500    53489.0535 23341223    8.32%
  49845 19262    54282.7333  2104    58344.6500    53489.4548 23347381    8.32%
  49910 19318    55462.9445  2224    58344.6500    53492.3751 23391685    8.32%
  49968 19327        cutoff          58344.6500    53492.3751 23400940    8.32%
Elapsed time = 10077.34 sec. (2578437.14 ticks, tree = 1340.59 MB, solutions = 1)
  50055 19476    56513.8411  1276    58344.6500    53494.5694 23542692    8.31%
  50155 19498    57375.0600  1672    58344.6500    53494.5694 23552688    8.31%
  50224 19625    57174.1616  2051    58344.6500    53505.1602 23622952    8.29%
  50312 19674    57727.4686  1269    58344.6500    53510.9396 23670917    8.28%
  50385 19587    55304.1414  1956    58344.6500    53510.9396 23603433    8.28%
  50449 19786    57732.8172  1914    58344.6500    53511.7586 23718895    8.28%
  50516 19609    58242.8967  1530    58344.6500    53511.7586 23621902    8.28%
  50565 19815    56479.8712  1423    58344.6500    53511.9212 23758320    8.28%
  50616 19828    58157.0295  1241    58344.6500    53521.5816 23767327    8.27%
  50685 19835    57057.0971  1419    58344.6500    53521.5816 23776265    8.27%
Elapsed time = 10306.78 sec. (2617208.06 ticks, tree = 1385.61 MB, solutions = 1)
  50750 19909    54522.0300  1107    58344.6500    53524.7093 23825906    8.26%
  50815 19959        cutoff          58344.6500    53524.7093 23878400    8.26%
  50897 20058    58069.7751  1405    58344.6500    53525.8126 23939485    8.26%
  50936 20172    56005.7786  2034    58344.6500    53537.2992 24030876    8.24%
  50981 20066    57206.4057  1573    58344.6500    53537.2992 23958759    8.24%
  51029 20181    55724.0481  1349    58344.6500    53541.8776 24048229    8.23%
  51103 20257    57848.8115  1501    58344.6500    53541.8776 24086360    8.23%
  51160 20204    57831.7967  2007    58344.6500    53542.4152 24066404    8.23%
  51229 20307    54871.8992  2180    58344.6500    53548.6982 24170475    8.22%
  51279 20327    56041.5236  1670    58344.6500    53548.6982 24179348    8.22%
Elapsed time = 10540.86 sec. (2656101.47 ticks, tree = 1424.75 MB, solutions = 1)
  51332 20293    54747.2021  2074    58344.6500    53549.4385 24146133    8.22%
  51365 20302    57894.8244  2188    58344.6500    53549.4385 24154788    8.22%
  51425 20463    57674.5955  1324    58344.6500    53550.3078 24300397    8.22%
  51485 20437    55587.0826  2034    58344.6500    53553.2159 24284978    8.21%
  51545 20490    58142.0462  1026    58344.6500    53553.3515 24316713    8.21%
  51607 20497    57592.6772  1749    58344.6500    53553.3515 24325769    8.21%
  51669 20573    58338.2589  1912    58344.6500    53556.2231 24376306    8.21%
  51727 20579    57462.9229  2044    58344.6500    53556.2231 24385605    8.21%
  51776 20662    55256.4180  1155    58344.6500    53562.0514 24462992    8.20%
  51823 20824    56991.1985  1561    58344.6500    53562.3867 24581108    8.20%
Elapsed time = 10737.98 sec. (2695028.33 ticks, tree = 1469.10 MB, solutions = 1)
  51881 20877    57639.3806   855    58344.6500    53567.5140 24616377    8.19%
  51936 20728    56989.0116  1953    58344.6500    53567.5140 24514189    8.19%
  51984 20857    58230.6634  1173    58344.6500    53567.5140 24608164    8.19%
  52041 20901    57315.4386  1439    58344.6500    53575.2102 24644496    8.17%
  52105 21007    56509.1542  1720    58344.6500    53577.9346 24767960    8.17%
  52164 20925    55096.8877  2037    58344.6500    53577.9346 24661917    8.17%
  52230 20960    57300.3001  1969    58344.6500    53578.4301 24696969    8.17%
  52284 21060    54582.4879  1938    58344.6500    53578.4301 24824842    8.17%
  52345 21074        cutoff          58344.6500    53581.6940 24833829    8.16%
  52412 21171        cutoff          58344.6500    53586.0261 24910586    8.16%
Elapsed time = 10944.11 sec. (2734117.83 ticks, tree = 1501.05 MB, solutions = 1)
  52456 21124    54992.8877  2013    58344.6500    53586.0261 24881192    8.16%
  52515 21143    57510.9183  1979    58344.6500    53591.0317 24890264    8.15%
  52558 21253    56350.7733  1864    58344.6500    53591.0317 24974855    8.15%
  52607 21289    58311.1051  1414    58344.6500    53594.3635 25005698    8.14%
  52659 21408    57499.0913  1983    58344.6500    53596.5734 25091863    8.14%
  52719 21356    55275.7275  1982    58344.6500    53596.5734 25061986    8.14%
  52788 21470    56657.6640  1443    58344.6500    53596.6574 25149433    8.14%
  52858 21472    56506.7438  2080    58344.6500    53596.6574 25174386    8.14%
  52924 21488    58240.9690  1212    58344.6500    53597.1814 25167606    8.14%
  52968 21676    56834.2238  2022    58344.6500    53605.5891 25304989    8.12%
Elapsed time = 11170.14 sec. (2773034.21 ticks, tree = 1546.50 MB, solutions = 1)
  53038 21695    58307.8416  1374    58344.6500    53605.5891 25314336    8.12%
  53095 21501    56119.7551  2001    58344.6500    53605.5891 25208384    8.12%
  53164 21680    55866.4983  1029    58344.6500    53608.8760 25285376    8.12%
  53250 21700        cutoff          58344.6500    53608.8760 25295501    8.12%
  53330 21795    54918.9453  1270    58344.6500    53609.2636 25401301    8.12%
  53375 21805    56933.7121  1942    58344.6500    53619.2981 25410030    8.10%
  53407 21811    54713.3965  1406    58344.6500    53619.2981 25417874    8.10%
  53459 22001    57257.1714  2003    58344.6500    53620.4707 25513288    8.10%
  53495 22017    57283.4591  1292    58344.6500    53620.4707 25522779    8.10%
  53531 22044    55691.0701  2173    58344.6500    53623.0501 25556895    8.09%
Elapsed time = 11387.89 sec. (2811899.76 ticks, tree = 1572.80 MB, solutions = 1)
  53566 22081    56734.5623  2016    58344.6500    53624.9630 25598938    8.09%
  53618 22100    58041.8947  2002    58344.6500    53624.9630 25607287    8.09%
  53661 22102        cutoff          58344.6500    53624.9630 25616460    8.09%
  53723 22125    58027.0597  1237    58344.6500    53626.0046 25664847    8.09%
  53792 22190    55710.9812  1938    58344.6500    53626.0046 25714467    8.09%
  53842 22338    55376.3275  1405    58344.6500    53626.0046 25863386    8.09%
  53903 22359    56558.0049  1511    58344.6500    53626.0046 25872744    8.09%
  53971 22244    57234.4182  2026    58344.6500    53626.0046 25765160    8.09%
  54025 22310    55696.7186  1926    58344.6500    53626.0046 25805546    8.09%
  54087 22331    57530.8366  1953    58344.6500    53631.0323 25814747    8.08%
Elapsed time = 11594.88 sec. (2850921.05 ticks, tree = 1596.85 MB, solutions = 1)
  54149 22468    57466.7278  1325    58344.6500    53631.7773 25965773    8.08%
  54210 22618    55584.1231  1606    58344.6500    53640.3811 26059465    8.06%
  54266 22413    57455.3296  1970    58344.6500    53640.3811 25950704    8.06%
  54328 22643    55380.3320  1573    58344.6500    53642.0539 26106363    8.06%
  54394 22591    55581.9729  2127    58344.6500    53642.0539 26034636    8.06%
  54500 22600    57842.2009  2089    58344.6500    53644.6027 26043166    8.06%
  54572 22761    55353.5732  1525    58344.6500    53645.8810 26200776    8.05%
  54628 22772    56639.0618  1549    58344.6500    53647.1542 26210243    8.05%
  54689 22752    57869.2814  1959    58344.6500    53647.1542 26184820    8.05%
  54764 22757    56156.0972  1420    58344.6500    53649.3990 26193671    8.05%
Elapsed time = 11802.77 sec. (2889773.83 ticks, tree = 1624.91 MB, solutions = 1)
  54834 22907    57176.4353  1353    58344.6500    53649.3990 26279804    8.05%
  54913 22803    58201.2289  2048    58344.6500    53654.4124 26244847    8.04%
  54947 23047    54409.1347  2042    58344.6500    53656.0417 26399736    8.04%
  55019 23057    58003.8918  1368    58344.6500    53659.9109 26409031    8.03%
  55067 23064    57699.0523  1348    58344.6500    53659.9109 26417251    8.03%
  55137 23115        cutoff          58344.6500    53662.1789 26470076    8.03%
  55206 23195    57096.6863  1831    58344.6500    53664.8839 26506669    8.02%
  55264 23298        cutoff          58344.6500    53667.3918 26588046    8.02%
  55326 23310    55019.2631  1585    58344.6500    53670.4038 26596781    8.01%
  55379 23230    55308.0504  1509    58344.6500    53670.4038 26531967    8.01%
Elapsed time = 12012.69 sec. (2928486.81 ticks, tree = 1668.55 MB, solutions = 1)
  55457 23292    57399.8468  1447    58344.6500    53675.3940 26575346    8.00%
  55536 23392    58228.7183  1044    58344.6500    53675.3940 26669934    8.00%
  55605 23363    54571.2456  1554    58344.6500    53676.5290 26628729    8.00%
  55654 23474    56183.1230  1121    58344.6500    53678.1281 26715549    8.00%
  55720 23497    56675.2659   876    58344.6500    53678.4671 26725774    8.00%
  55808 23614    57816.3902  2059    58344.6500    53678.4671 26847800    8.00%
  55846 23513        cutoff          58344.6500    53683.9863 26774768    7.99%
  55900 23740    58334.2863  1706    58344.6500    53688.1311 26935790    7.98%
  55949 23746    57094.8356  1370    58344.6500    53688.1311 26944935    7.98%
  56012 23803    58086.8069  1777    58344.6500    53689.9544 26989586    7.98%
Elapsed time = 12203.91 sec. (2967129.54 ticks, tree = 1715.89 MB, solutions = 1)
  56088 23773    58223.5068  1437    58344.6500    53689.9544 26962710    7.98%
  56144 23835    57087.7473  1556    58344.6500    53689.9544 27007722    7.98%
  56186 23899    56911.4308  1380    58344.6500    53694.5728 27094932    7.97%
  56237 23849        cutoff          58344.6500    53694.9893 27025611    7.97%
  56303 23901    56244.9247  1368    58344.6500    53694.9893 27082244    7.97%
  56349 23958    57348.6215  1975    58344.6500    53694.9893 27161653    7.97%
  56397 24086    56927.7538  1478    58344.6500    53698.5722 27245564    7.96%
  56453 24104    56393.5214  1278    58344.6500    53698.5722 27255145    7.96%
  56528 24130    57502.1717   920    58344.6500    53702.5908 27264406    7.96%
  56578 24127    57093.9408  1960    58344.6500    53702.5908 27304798    7.96%
Elapsed time = 12379.69 sec. (3005842.91 ticks, tree = 1737.56 MB, solutions = 1)
  56621 24190    56931.5273  1244    58344.6500    53705.6111 27353464    7.95%
  56707 24224    58249.7336  1344    58344.6500    53708.6029 27386309    7.95%
  56767 24291    55137.6314  1977    58344.6500    53708.6029 27438572    7.95%
  56827 24244    58234.8908  1837    58344.6500    53708.8834 27404147    7.95%
  56895 24344    55192.9388  1977    58344.6500    53710.3449 27485853    7.94%
  56986 24330    54609.5275  1324    58344.6500    53710.3449 27463251    7.94%
  57052 24368    57496.6955  1239    58344.6500    53713.6157 27472690    7.94%
  57108 24495    57358.0965  2047    58344.6500    53721.9677 27585988    7.92%
  57166 24452    54761.4109  2001    58344.6500    53721.9677 27561260    7.92%
  57227 24591    56501.8273  1258    58344.6500    53725.5181 27645963    7.92%
Elapsed time = 12560.17 sec. (3044689.30 ticks, tree = 1780.51 MB, solutions = 1)
  57304 24608        cutoff          58344.6500    53726.2084 27655105    7.92%
  57358 24538    57241.6147  1397    58344.6500    53726.2084 27620326    7.92%
  57414 24729    57914.0976  1380    58344.6500    53727.2606 27741566    7.91%
  57483 24798    56998.3871  1950    58344.6500    53730.8656 27792688    7.91%
  57525 24835    55002.4818  1580    58344.6500    53730.8656 27840505    7.91%
  57589 24819    58108.3137  1168    58344.6500    53735.2449 27810627    7.90%
  57677 24938    57529.6207  1316    58344.6500    53736.9225 27923371    7.90%
  57744 24932    57882.6920  2011    58344.6500    53736.9225 27900210    7.90%
  57811 24940    56391.4847  1478    58344.6500    53737.0443 27908783    7.90%
  57883 24978    57887.4387  1979    58344.6500    53739.2239 27950387    7.89%
Elapsed time = 12731.25 sec. (3083167.36 ticks, tree = 1817.82 MB, solutions = 1)
  57950 25111    58224.8901  1277    58344.6500    53739.2239 28033501    7.89%
  58008 25047    58080.4449  1752    58344.6500    53743.5546 28000609    7.89%
  58090 25130    58066.2727  1775    58344.6500    53743.5546 28050214    7.89%
  58148 25211    54985.7056  2066    58344.6500    53743.5546 28092280    7.89%
  58195 25333    57928.4657  1429    58344.6500    53751.5674 28218121    7.87%
  58248 25292    57690.4155  1534    58344.6500    53751.5674 28183258    7.87%
  58316 25251    54522.1008  2141    58344.6500    53751.5674 28159416    7.87%
  58359 25437    56005.1768  1480    58344.6500    53756.3406 28280951    7.86%
  58405 25304        cutoff          58344.6500    53756.3406 28208701    7.86%
  58477 25480        cutoff          58344.6500    53757.5806 28340869    7.86%
Elapsed time = 12902.80 sec. (3122055.58 ticks, tree = 1863.74 MB, solutions = 1)
  58521 25490        cutoff          58344.6500    53757.6029 28349491    7.86%
  58569 25504    55240.0477  1868    58344.6500    53757.6029 28390759    7.86%
  58618 25593    56906.1285  1543    58344.6500    53762.9406 28441379    7.85%
  58674 25676    55285.8975  1884    58344.6500    53764.1910 28528905    7.85%
  58733 25538    57149.8704  1571    58344.6500    53764.1910 28418550    7.85%
  58769 25615    57844.1443  2144    58344.6500    53767.0197 28466197    7.85%
  58796 25690    56690.7815  1966    58344.6500    53767.1034 28535954    7.85%
  58854 25747    55201.2942  1977    58344.6500    53767.1034 28604088    7.85%
  58886 25819    56945.3604  1377    58344.6500    53767.1942 28673068    7.85%
  58915 25836    56875.0627  1235    58344.6500    53767.1942 28682267    7.85%
Elapsed time = 13097.03 sec. (3162089.78 ticks, tree = 1889.66 MB, solutions = 1)
  58946 25783    56867.4344  2029    58344.6500    53768.3344 28652034    7.84%
  58998 25867    56693.4050  1207    58344.6500    53772.5837 28702563    7.84%
  59069 25893    58005.6322  1060    58344.6500    53774.4017 28710630    7.83%
  59121 25885    56197.0400  2074    58344.6500    53774.4017 28737906    7.83%
  59167 25897    58193.7131  2046    58344.6500    53777.6214 28746768    7.83%
  59212 26048    57040.4997  2021    58344.6500    53779.0560 28864286    7.83%
  59259 25956    56792.7191  1827    58344.6500    53779.0560 28804230    7.83%
  59324 26113    55908.2275  1340    58344.6500    53779.3464 28918540    7.82%
  59377 26078    56440.6699  1395    58344.6500    53779.4106 28889298    7.82%
  59412 26168    55021.8472  1883    58344.6500    53779.4106 28974305    7.82%
Elapsed time = 13269.30 sec. (3200953.97 ticks, tree = 1916.89 MB, solutions = 1)
  59446 26218    54918.2720  2142    58344.6500    53782.0161 29024426    7.82%
  59495 26142    55890.6932  1869    58344.6500    53782.0161 28952405    7.82%
  59554 26281    55205.6313  2046    58344.6500    53782.6104 29078659    7.82%
  59612 26245    58315.8954  1684    58344.6500    53784.0881 29050911    7.82%
  59678 26395    58171.3381  1383    58344.6500    53787.4384 29168231    7.81%
  59725 26345        cutoff          58344.6500    53787.4384 29140767    7.81%
  59753 26346    57142.3649  1274    58344.6500    53793.3587 29143115    7.80%
  59847 26505    57348.1705  1181    58344.6500    53794.9847 29263909    7.80%
  59909 26367    56594.2962  1314    58344.6500    53794.9847 29160479    7.80%
  59937 26551    58111.9726  1234    58344.6500    53798.2230 29311792    7.79%
Elapsed time = 13639.44 sec. (3240341.77 ticks, tree = 1954.09 MB, solutions = 1)
  59985 26581    58295.3014  1430    58344.6500    53799.6663 29352947    7.79%
  60037 26583    58290.0642  2108    58344.6500    53801.8516 29362209    7.79%
  60085 26654    57175.8803  1970    58344.6500    53801.8516 29399115    7.79%
  60133 26590    55864.2874  2088    58344.6500    53802.6533 29346084    7.78%
  60199 26610        cutoff          58344.6500    53802.6533 29386600    7.78%
  60254 26625    57835.8433  2050    58344.6500    53804.1675 29395364    7.78%
  60297 26695    57417.9745  1487    58344.6500    53809.0255 29422272    7.77%
  60350 26780    55650.8444  1349    58344.6500    53809.0255 29512861    7.77%
  60409 26885    56118.9370  1453    58344.6500    53809.1850 29593759    7.77%
  60485 26833        cutoff          58344.6500    53809.3422 29575237    7.77%
Elapsed time = 13952.36 sec. (3279245.24 ticks, tree = 1977.45 MB, solutions = 1)
  60532 26952    55506.3983  2034    58344.6500    53809.3422 29634793    7.77%
  60602 26856    56608.6387  1869    58344.6500    53811.5999 29593618    7.77%
  60668 27023    54465.9828  1532    58344.6500    53812.4371 29677951    7.77%
  60744 26938    57123.5481  1960    58344.6500    53812.4371 29634593    7.77%
  60817 27090    58291.1286  1267    58344.6500    53816.3190 29742913    7.76%
  60872 27091    58240.5328  1428    58344.6500    53818.9037 29704151    7.76%
  60931 27096    56510.2593  1891    58344.6500    53818.9037 29712830    7.76%
  61010 27160    55895.7078  1222    58344.6500    53819.1475 29799998    7.76%
  61077 27303    56814.6157  2079    58344.6500    53819.2624 29884665    7.76%
  61118 27239    56201.2589  2006    58344.6500    53819.2624 29855802    7.76%
Elapsed time = 14205.91 sec. (3318090.54 ticks, tree = 2016.68 MB, solutions = 1)
  61152 27252    57401.1715  2017    58344.6500    53820.7600 29864753    7.75%
  61220 27391    57817.5459  1481    58344.6500    53820.7600 29954370    7.75%
  61268 27509    56476.8584  1930    58344.6500    53824.5872 30037790    7.75%
  61348 27341    54937.3114  1398    58344.6500    53824.5872 29916129    7.75%
  61394 27529    56301.2836  1333    58344.6500    53832.9518 30055719    7.73%
  61455 27471    54184.8468  1507    58344.6500    53832.9518 30023348    7.73%
  61496 27587    58052.0879  1893    58344.6500    53834.1513 30102304    7.73%
  61558 27708    56521.6558  1340    58344.6500    53834.1513 30190687    7.73%

GUB cover cuts applied:  319
Cover cuts applied:  10
Implied bound cuts applied:  391
Flow cuts applied:  314
Mixed integer rounding cuts applied:  4254
Zero-half cuts applied:  233
Lift and project cuts applied:  69
Gomory fractional cuts applied:  32

Root node processing (before b&c):
  Real time             =   43.88 sec. (14649.20 ticks)
Parallel b&c, 4 threads:
  Real time             = 14363.06 sec. (3337720.10 ticks)
  Sync time (average)   =  406.49 sec.
  Wait time (average)   =    0.10 sec.
                          ------------
Total (root+branch&cut) = 14406.94 sec. (3352369.29 ticks)
