Version identifier: 22.1.1.0 | 2022-11-27 | 9160aff4d
CPXPARAM_Read_DataCheck                          1
CPXPARAM_TimeLimit                               14400
1 of 1 MIP starts provided solutions.
MIP start 'm1' defined initial solution with objective 57844.8800.
Tried aggregator 4 times.
MIP Presolve eliminated 4963 rows and 7700 columns.
MIP Presolve modified 9230 coefficients.
Aggregator did 434 substitutions.
Reduced MIP has 4943 rows, 6916 columns, and 23374 nonzeros.
Reduced MIP has 5386 binaries, 1530 generals, 0 SOSs, and 0 indicators.
Presolve time = 0.09 sec. (54.36 ticks)
Probing time = 0.03 sec. (1.99 ticks)
Tried aggregator 6 times.
MIP Presolve eliminated 788 rows and 1079 columns.
MIP Presolve modified 79 coefficients.
Aggregator did 513 substitutions.
Reduced MIP has 3642 rows, 5324 columns, and 17671 nonzeros.
Reduced MIP has 3884 binaries, 1440 generals, 0 SOSs, and 0 indicators.
Presolve time = 0.06 sec. (37.74 ticks)
Probing time = 0.02 sec. (1.48 ticks)
Tried aggregator 4 times.
Detecting symmetries...
MIP Presolve eliminated 335 rows and 295 columns.
MIP Presolve modified 59 coefficients.
Aggregator did 177 substitutions.
Reduced MIP has 3130 rows, 4852 columns, and 15904 nonzeros.
Reduced MIP has 3412 binaries, 1440 generals, 0 SOSs, and 0 indicators.
Presolve time = 0.05 sec. (23.48 ticks)
Probing time = 0.02 sec. (1.69 ticks)
Clique table members: 6156.
MIP emphasis: balance optimality and feasibility.
MIP search method: dynamic search.
Parallel mode: deterministic, using up to 4 threads.
Root relaxation solution time = 0.06 sec. (44.60 ticks)

        Nodes                                         Cuts/
   Node  Left     Objective  IInf  Best Integer    Best Bound    ItCnt     Gap

*     0+    0                        57844.8800        0.0000           100.00%
      0     0     6875.3894   199    57844.8800     6875.3894     2059   88.11%
      0     0    13691.4521   474    57844.8800     Cuts: 575     3347   76.33%
      0     0    18309.8049   865    57844.8800     Cuts: 466     4590   68.35%
      0     0    19702.4076   776    57844.8800     Cuts: 397     5392   65.94%
      0     0    20781.4050   985    57844.8800     Cuts: 272     6050   64.07%
      0     0    21311.1353  1032    57844.8800     Cuts: 274     6640   63.16%
Detecting symmetries...
      0     0    21686.8663  1115    57844.8800     Cuts: 236     7133   62.51%
      0     0    21865.0551  1186    57844.8800     Cuts: 228     7497   62.20%
      0     0    21977.6688  1251    57844.8800     Cuts: 133     7842   62.01%
      0     0    22155.3169  1289    57844.8800     Cuts: 121     8301   61.70%
      0     0    23137.0537  1375    57844.8800     Cuts: 227     9223   60.00%
      0     0    23789.8010  1313    57844.8800     Cuts: 239     9831   58.87%
      0     0    24051.9995  1326    57844.8800     Cuts: 167    10311   58.42%
      0     0    24182.8871  1308    57844.8800     Cuts: 134    10654   58.19%
      0     0    24332.5633  1362    57844.8800     Cuts: 148    11017   57.93%
      0     0    24391.0104  1403    57844.8800     Cuts: 127    11372   57.83%
      0     0    24475.2425  1458    57844.8800     Cuts: 130    11738   57.69%
      0     0    24575.1855  1448    57844.8800     Cuts: 112    12143   57.52%
      0     0    24682.2169  1510    57844.8800     Cuts: 150    12509   57.33%
      0     0    24766.4718  1531    57844.8800     Cuts: 101    12831   57.18%
      0     0    24829.4722  1479    57844.8800     Cuts: 118    13204   57.08%
      0     0    24853.5909  1505    57844.8800     Cuts: 101    13485   57.03%
      0     0    24877.4325  1488    57844.8800      Cuts: 88    13762   56.99%
      0     0    24909.1663  1525    57844.8800      Cuts: 87    14027   56.94%
      0     0    24929.4529  1510    57844.8800      Cuts: 88    14266   56.90%
      0     0    24948.8019  1562    57844.8800      Cuts: 62    14447   56.87%
      0     0    24965.1656  1551    57844.8800      Cuts: 63    14652   56.84%
      0     0    25017.0385  1501    57844.8800      Cuts: 48    14894   56.75%
      0     0    25034.4236  1535    57844.8800      Cuts: 75    15087   56.72%
      0     0    25047.1001  1534    57844.8800      Cuts: 42    15232   56.70%
      0     0    25062.7762  1553    57844.8800      Cuts: 57    15421   56.67%
      0     0    25113.8796  1541    57844.8800      Cuts: 49    15699   56.58%
      0     0    25151.9900  1526    57844.8800      Cuts: 83    15878   56.52%
      0     0    25230.0546  1515    57844.8800      Cuts: 68    16122   56.38%
      0     0    25261.2986  1500    57844.8800      Cuts: 85    16321   56.33%
      0     0    25281.7694  1512    57844.8800      Cuts: 44    16498   56.29%
      0     0    25284.4219  1525    57844.8800      Cuts: 57    16596   56.29%
      0     0    25286.4982  1489    57844.8800      Cuts: 34    16691   56.29%
Detecting symmetries...
      0     2    25286.4982  1478    57844.8800    25286.4982    16691   56.29%
Elapsed time = 24.11 sec. (8021.17 ticks, tree = 0.02 MB, solutions = 1)
      2     4    25307.8562  1448    57844.8800    25286.9907    17277   56.28%
      9     9    26536.6306  1307    57844.8800    25286.9907    20111   56.28%
     17    17    26646.6739  1281    57844.8800    25315.5685    23583   56.24%
     35    30    26747.4411  1242    57844.8800    25315.5685    28904   56.24%
     67    48    25829.3230  1362    57844.8800    25315.5685    32375   56.24%
     84    83    26937.3894  1235    57844.8800    25315.5685    39171   56.24%
    101    91    30696.4487  1142    57844.8800    25315.5685    41874   56.24%
    115   108    27337.2003  1281    57844.8800    25315.5685    46785   56.24%
    130   123    32272.4517  1037    57844.8800    25315.5685    50635   56.24%
    189   172    27077.5074  1283    57844.8800    25315.5685    63803   56.24%
Elapsed time = 34.16 sec. (11277.04 ticks, tree = 1.13 MB, solutions = 1)
    255   234    39391.7834   873    57844.8800    25315.5685    77647   56.24%
    334   323    46683.0058   912    57844.8800    25315.5685    91548   56.24%
    410   366    50916.4599   905    57844.8800    25315.5685    99416   56.24%
    501   452    37684.1157  1096    57844.8800    25332.5556   114254   56.21%
    620   573    52795.8541   671    57844.8800    25332.5556   133678   56.21%
    758   690    49452.6663   921    57844.8800    25349.5694   146911   56.18%
    898   800    56906.2850   649    57844.8800    25349.5694   157524   56.18%
   1090   954    37810.2961   798    57844.8800    25349.5694   173034   56.18%
   1215  1089    30377.5543  1141    57844.8800    25349.5694   189213   56.18%

Performing restart 1

Repeating presolve.
Tried aggregator 1 time.
Reduced MIP has 3130 rows, 4852 columns, and 15904 nonzeros.
Reduced MIP has 3412 binaries, 1440 generals, 0 SOSs, and 0 indicators.
Presolve time = 0.02 sec. (8.53 ticks)
Tried aggregator 1 time.
Reduced MIP has 3130 rows, 4852 columns, and 15904 nonzeros.
Reduced MIP has 3412 binaries, 1440 generals, 0 SOSs, and 0 indicators.
Presolve time = 0.01 sec. (10.74 ticks)
Represolve time = 0.14 sec. (47.43 ticks)
   1238     0    26423.0258  1462    57844.8800     Cuts: 882   207634   54.32%
   1238     0    27485.4511  1573    57844.8800     Cuts: 882   209090   52.48%
   1238     0    28250.4315  1583    57844.8800     Cuts: 882   210459   51.16%
   1238     0    29055.3849  1519    57844.8800     Cuts: 882   211977   49.77%
   1238     0    29731.0655  1634    57844.8800     Cuts: 882   213139   48.60%
   1238     0    30419.0987  1595    57844.8800     Cuts: 882   214369   47.41%
   1238     0    30828.4388  1478    57844.8800     Cuts: 882   215511   46.70%
   1238     0    31271.5926  1638    57844.8800     Cuts: 882   216573   45.94%
   1238     0    31738.9373  1562    57844.8800     Cuts: 882   218055   45.13%
   1238     0    31970.2317  1645    57844.8800     Cuts: 882   219158   44.73%
   1238     0    32205.7293  1693    57844.8800     Cuts: 882   220424   44.32%
   1238     0    32384.0724  1667    57844.8800     Cuts: 882   221604   44.02%
   1238     0    32630.8580  1671    57844.8800     Cuts: 882   222733   43.59%
   1238     0    32832.5114  1593    57844.8800     Cuts: 882   223895   43.24%
   1238     0    33165.9289  1688    57844.8800     Cuts: 882   225456   42.66%
   1238     0    33406.6814  1673    57844.8800     Cuts: 882   226714   42.25%
   1238     0    33538.1302  1767    57844.8800     Cuts: 882   227832   42.02%
   1238     0    33689.4732  1517    57844.8800     Cuts: 882   228975   41.76%
   1238     0    33754.2505  1717    57844.8800     Cuts: 882   229719   41.65%
   1238     0    33816.1667  1708    57844.8800     Cuts: 882   230518   41.54%
   1238     0    33981.0635  1717    57844.8800     Cuts: 882   231644   41.25%
   1238     0    34081.7887  1555    57844.8800     Cuts: 882   232470   41.08%
   1238     0    34142.9812  1614    57844.8800     Cuts: 882   233215   40.97%
   1238     0    34219.1499  1632    57844.8800     Cuts: 882   233994   40.84%
   1238     0    34330.0589  1689    57844.8800     Cuts: 882   234755   40.65%
   1238     0    34389.6129  1652    57844.8800     Cuts: 882   235444   40.55%
   1238     0    34438.1539  1609    57844.8800     Cuts: 882   236099   40.46%
   1238     0    34502.4966  1683    57844.8800     Cuts: 838   237022   40.35%
   1238     0    34613.4908  1668    57844.8800     Cuts: 882   238024   40.16%
   1238     0    34655.0124  1608    57844.8800     Cuts: 882   238508   40.09%
   1238     0    34674.8141  1632    57844.8800     Cuts: 882   239062   40.06%
   1238     0    34714.8625  1725    57844.8800     Cuts: 882   239811   39.99%
   1238     0    34801.7026  1557    57844.8800     Cuts: 882   240662   39.84%
   1238     0    34848.5771  1694    57844.8800     Cuts: 882   241408   39.76%
   1238     0    34892.4135  1644    57844.8800     Cuts: 882   242147   39.68%
   1238     0    34904.1237  1665    57844.8800     Cuts: 882   242657   39.66%
   1238     0    34919.8393  1723    57844.8800     Cuts: 882   243168   39.63%
   1238     0    34966.3962  1683    57844.8800     Cuts: 882   244051   39.55%
   1238     0    34990.7727  1607    57844.8800     Cuts: 882   244613   39.51%
   1238     0    35023.1674  1636    57844.8800     Cuts: 882   245483   39.45%
   1238     0    35030.2372  1683    57844.8800     Cuts: 882   245958   39.44%
   1238     0    35056.4722  1626    57844.8800     Cuts: 813   246840   39.40%
   1238     0    35301.7363  1529    57844.8800     Cuts: 882   248253   38.97%
   1238     0    35488.3357  1539    57844.8800     Cuts: 882   249237   38.65%
   1238     0    35648.1344  1496    57844.8800     Cuts: 882   250517   38.37%
   1238     0    35717.8768  1555    57844.8800     Cuts: 882   251221   38.25%
   1238     0    35823.5848  1672    57844.8800     Cuts: 882   252215   38.07%
   1238     0    35867.2369  1603    57844.8800     Cuts: 882   252945   37.99%
   1238     0    35916.6786  1665    57844.8800     Cuts: 882   253532   37.91%
   1238     0    35971.7790  1521    57844.8800     Cuts: 882   254325   37.81%
   1238     0    35999.6411  1650    57844.8800     Cuts: 882   255010   37.77%
   1238     0    36080.9862  1520    57844.8800     Cuts: 882   255749   37.62%
   1238     0    36121.3755  1664    57844.8800     Cuts: 882   256365   37.55%
   1238     0    36188.3440  1655    57844.8800     Cuts: 882   257235   37.44%
   1238     0    36207.0318  1716    57844.8800     Cuts: 882   257817   37.41%
   1238     0    36225.5665  1699    57844.8800     Cuts: 882   258373   37.37%
   1238     0    36269.5223  1741    57844.8800     Cuts: 882   259155   37.30%
   1238     0    36313.0003  1712    57844.8800     Cuts: 882   259819   37.22%
   1238     0    36347.9989  1638    57844.8800     Cuts: 882   260439   37.16%
   1238     0    36407.1986  1728    57844.8800     Cuts: 882   261228   37.06%
   1238     0    36415.9260  1737    57844.8800     Cuts: 882   261640   37.05%
   1238     0    36468.1875  1511    57844.8800     Cuts: 602   262397   36.96%
   1238     0    36468.1918  1600    57844.8800     Cuts: 882   262690   36.96%
   1238     0    36480.9536  1553    57844.8800     Cuts: 882   263270   36.93%
   1238     2    36480.9536  1483    57844.8800    36480.9536   263270   36.93%
Elapsed time = 198.27 sec. (65128.15 ticks, tree = 0.02 MB, solutions = 1)
   1246    10    37044.2931  1194    57844.8800    36485.1001   266459   36.93%
   1268    28    37293.4906  1215    57844.8800    36511.5953   272086   36.88%
   1310    73    37965.7430  1149    57844.8800    36513.0177   284336   36.88%
   1320    59    39016.5779  1290    57844.8800    36513.0177   279367   36.88%
   1344    95    39406.5641  1360    57844.8800    36513.0177   296614   36.88%
   1377   125    37358.4790  1326    57844.8800    36513.0177   315934   36.88%
   1425   159    40109.5867  1242    57844.8800    36513.0177   330376   36.88%
   1493   225    41467.5366  1213    57844.8800    36513.0177   349252   36.88%
   1553   227    38820.7890  1256    57844.8800    36513.0177   358195   36.88%
   1594   327    40536.3735   938    57844.8800    36513.0177   379276   36.88%
Elapsed time = 229.27 sec. (74882.22 ticks, tree = 1.81 MB, solutions = 1)
   1675   385    57314.5037  1201    57844.8800    36513.0177   392776   36.88%
   1739   378    38281.2782  1315    57844.8800    36513.0177   404694   36.88%
   1778   482    40564.4531  1249    57844.8800    36513.0177   433063   36.88%
   1829   538    39130.6801  1198    57844.8800    36513.0177   448587   36.88%
   1862   566    39560.1080  1170    57844.8800    36513.0177   457935   36.88%
   1908   595    37565.7264  1418    57844.8800    36513.0177   475519   36.88%
   1951   657    41959.5014  1108    57844.8800    36513.0177   498074   36.88%
   1988   710    43509.1880  1161    57844.8800    36513.0177   517649   36.88%
   2112   759        cutoff          57844.8800    36513.0177   532118   36.88%
   2197   873    44069.7956  1046    57844.8800    36513.0177   550949   36.88%
Elapsed time = 262.11 sec. (84886.68 ticks, tree = 6.70 MB, solutions = 1)
   2262   963    42081.7007  1198    57844.8800    36513.0177   569673   36.88%
   2312   997    38565.2650  1504    57844.8800    36513.0177   585432   36.88%
   2380  1016    44376.1319  1013    57844.8800    36513.0177   584231   36.88%
   2428  1069    44998.9979   998    57844.8800    36513.0177   598942   36.88%
   2526  1171    45483.0522   936    57844.8800    36513.0177   615968   36.88%
   2642  1243    47611.3810  1045    57844.8800    36513.0177   628102   36.88%
   2755  1406    49964.5055   986    57844.8800    36513.0177   653887   36.88%
   2867  1460    46713.1915  1247    57844.8800    36513.0177   664140   36.88%
   2969  1540    51673.9638   888    57844.8800    36513.0177   671294   36.88%
   3100  1655    57285.8997   730    57844.8800    36513.0177   684797   36.88%
Elapsed time = 293.78 sec. (94527.29 ticks, tree = 33.89 MB, solutions = 1)
   3172  1791    51874.5600  1168    57844.8800    36513.0177   708713   36.88%
   3235  1765    45035.8943  1301    57844.8800    36513.0177   707360   36.88%
   3307  1893    46649.9562  1167    57844.8800    36513.0177   721916   36.88%
   3383  1973    46646.4255  1197    57844.8800    36513.0177   733863   36.88%
   3487  2154    53600.6238  1021    57844.8800    36513.0177   761269   36.88%
   3569  2235    54398.9006  1021    57844.8800    36513.0177   770106   36.88%
   3653  2284    55597.5725  1013    57844.8800    36513.0177   774295   36.88%
   3725  2357    56903.8475  1065    57844.8800    36513.0177   792429   36.88%
   3778  2426    41922.3897  1355    57844.8800    36513.0177   815587   36.88%
   3815  2442    39955.5906  1247    57844.8800    36513.0177   824902   36.88%
Elapsed time = 326.16 sec. (104166.20 ticks, tree = 64.00 MB, solutions = 1)
   3879  2499    53733.4336  1123    57844.8800    36513.0177   828564   36.88%
   3899  2558    42057.9092  1264    57844.8800    36513.0177   854209   36.88%
   3936  2580    57299.8729  1185    57844.8800    36513.0177   861121   36.88%
   3993  2596    44147.1283  1514    57844.8800    36513.0177   868043   36.88%
   4036  2602    42324.1602  1347    57844.8800    36836.7810   878351   36.32%
   4089  2700    46771.9576  1342    57844.8800    36836.7810   902491   36.32%
   4136  2712    41183.4814  1379    57844.8800    36836.7810   911615   36.32%
   4219  2783    49696.8167  1158    57844.8800    36836.7810   923893   36.32%
   4290  2869    51316.5841  1134    57844.8800    36836.7810   943669   36.32%
   4399  2953    52738.4354   960    57844.8800    36836.7810   957229   36.32%
Elapsed time = 359.66 sec. (113879.13 ticks, tree = 83.64 MB, solutions = 1)
   4516  3102    52154.0043  1073    57844.8800    36836.7810   978048   36.32%
   4587  3191    53466.8922   900    57844.8800    36836.7810   990287   36.32%
   4634  3149    40790.7430  1627    57844.8800    36836.7810   988883   36.32%
   4700  3261    53852.1316  1238    57844.8800    36836.7810  1005440   36.32%
   4731  3355    54741.1208  1354    57844.8800    36836.7810  1024874   36.32%
   4779  3403    55283.6643  1252    57844.8800    36836.7810  1046628   36.32%
   4838  3430   1.11111e+74  1270    57844.8800    36934.2246  1051008   36.15%
   4870  3413    39786.9082  1534    57844.8800    36934.2246  1055427   36.15%
   4902  3468    49891.4452   981    57844.8800    36934.2246  1066585   36.15%
   4943  3567    50048.1314   876    57844.8800    36966.4902  1093401   36.09%
Elapsed time = 392.47 sec. (123539.85 ticks, tree = 106.41 MB, solutions = 1)
   4982  3544    39744.8055  1308    57844.8800    36966.4902  1096440   36.09%
   5007  3601    51322.5142  1012    57844.8800    36966.4902  1108900   36.09%
   5046  3661    50664.8893  1365    57844.8800    36966.4902  1138024   36.09%
   5094  3670    49288.5667  1358    57844.8800    36966.4902  1141543   36.09%
   5128  3688    46796.4801  1171    57844.8800    36975.8542  1151699   36.08%
   5178  3775    50661.7283   943    57844.8800    36975.8542  1176602   36.08%
   5212  3779    39529.8215  1544    57844.8800    36975.8542  1179712   36.08%
   5247  3827    55502.5061  1030    57844.8800    36975.8542  1198083   36.08%
   5298  3892    41040.6720  1491    57844.8800    36975.8542  1219541   36.08%
   5337  3889    37668.9166  1679    57844.8800    37085.9641  1218563   35.89%
Elapsed time = 426.49 sec. (133268.60 ticks, tree = 119.03 MB, solutions = 1)
   5373  3958    38304.8474  1622    57844.8800    37085.9641  1241798   35.89%
   5412  3973    51880.8477  1135    57844.8800    37085.9641  1242514   35.89%
   5464  3998    47232.8812  1326    57844.8800    37085.9641  1256168   35.89%
   5516  4050    52545.8569  1013    57844.8800    37085.9641  1272641   35.89%
   5591  4149    45138.8089  1536    57844.8800    37085.9641  1304074   35.89%
   5665  4164    56859.4611  1081    57844.8800    37085.9641  1303685   35.89%
   5718  4243    55774.0215  1436    57844.8800    37085.9641  1326706   35.89%
   5773  4351    53271.1526  1136    57844.8800    37085.9641  1349981   35.89%
   5841  4367    57780.2055  1016    57844.8800    37085.9641  1353479   35.89%
   5986  4490    42231.3425  1501    57844.8800    37110.7492  1389313   35.84%
Elapsed time = 470.58 sec. (145747.89 ticks, tree = 143.80 MB, solutions = 1)
   6197  4664    49657.4294  1082    57844.8800    37139.4452  1445230   35.79%
   6476  4967    56074.7910  1038    57844.8800    37139.4452  1517437   35.79%
   6629  5189    39252.0299  1561    57844.8800    37146.0668  1575179   35.78%
   6801  5316    47938.7993  1565    57844.8800    37146.0668  1616314   35.78%
   7162  5610        cutoff          57844.8800    37146.0668  1672089   35.78%
   7312  5831    48466.8489  1463    57844.8800    37233.1758  1719687   35.63%
   7425  5915    37408.6898  1543    57844.8800    37240.1063  1755651   35.62%
   7553  6036    41715.4275  1301    57844.8800    37240.1063  1813508   35.62%
   7733  6126    56817.8548  1075    57844.8800    37240.1063  1840356   35.62%
   7894  6313    51464.4726  1461    57844.8800    37256.2792  1900312   35.59%
Elapsed time = 607.97 sec. (184136.93 ticks, tree = 199.89 MB, solutions = 1)
   8082  6462    39750.3698  1707    57844.8800    37256.2792  1962143   35.59%
   8155  6617    40200.0614  1521    57844.8800    37256.2792  2035482   35.59%
   8319  6779    56729.8338  1068    57844.8800    37256.2792  2110543   35.59%
   8496  6884    51711.0161  1252    57844.8800    37261.9494  2143323   35.58%
   8696  7065    55739.6910  1180    57844.8800    37261.9494  2189454   35.58%
   8824  7183    42266.6110  1473    57844.8800    37267.8608  2239477   35.57%
   9013  7334    46773.6970  1389    57844.8800    37267.8608  2300585   35.57%
   9220  7514    44209.0361  1448    57844.8800    37294.2571  2355194   35.53%
   9483  7636    53357.3956  1220    57844.8800    37294.2571  2391261   35.53%
   9729  7919    39391.8618  1388    57844.8800    37311.2482  2447579   35.50%
Elapsed time = 749.47 sec. (222704.12 ticks, tree = 260.14 MB, solutions = 1)
   9847  8158    41420.7905  1503    57844.8800    37311.2482  2516876   35.50%
  10020  8273    45730.9155  1295    57844.8800    37311.2482  2571079   35.50%
  10182  8481    48245.0169  1287    57844.8800    37311.2482  2628108   35.50%
  10377  8684    55523.0424  1054    57844.8800    37311.2482  2686401   35.50%
  10566  8759    53070.1170  1155    57844.8800    37373.1552  2713370   35.39%
  10775  8966    39178.0883  1734    57844.8800    37374.8110  2774105   35.39%
  10890  9191    41058.3342  1495    57844.8800    37402.8920  2854410   35.34%
  11017  9317    50279.4060  1312    57844.8800    37402.8920  2917142   35.34%
  11181  9440    52884.8630  1327    57844.8800    37407.2048  2965619   35.33%
  11383  9582    55917.3781  1089    57844.8800    37407.2048  3024199   35.33%
Elapsed time = 891.91 sec. (261080.39 ticks, tree = 333.36 MB, solutions = 1)
  11541  9771    41583.4090  1309    57844.8800    37417.6862  3093143   35.31%
  11705  9805    50426.7911  1252    57844.8800    37417.6862  3107325   35.31%
  11837  9951    39358.8710  1769    57844.8800    37432.0848  3168154   35.29%
  12021 10123    55047.2707  1377    57844.8800    37457.5596  3222775   35.24%
  12254 10213    57552.9596   940    57844.8800    37457.5596  3262547   35.24%
  12387 10453    41968.9453  1553    57844.8800    37461.3089  3330875   35.24%
  12570 10635    47702.2618  1336    57844.8800    37461.3089  3417090   35.24%
  12733 10688    52451.9490  1141    57844.8800    37464.5097  3433198   35.23%
  12914 10948    49325.7739  1427    57844.8800    37467.2899  3517137   35.23%
  13069 10973    40787.4624  1488    57844.8800    37467.8682  3530778   35.23%
Elapsed time = 1036.02 sec. (299430.01 ticks, tree = 382.23 MB, solutions = 1)
  13205 11165    46863.3032  1239    57844.8800    37470.9103  3608462   35.22%
  13354 11400    48019.2860  1341    57844.8800    37474.2933  3696736   35.22%
  13529 11535    41243.2317  1648    57844.8800    37480.7763  3750834   35.20%
  13667 11576    52526.6807  1398    57844.8800    37502.4135  3763458   35.17%
  13856 11743    40174.3898  1559    57844.8800    37510.8391  3821809   35.15%
  14013 11964    45647.1983  1552    57844.8800    37511.0944  3892639   35.15%
  14177 12023    40850.5599  1624    57844.8800    37514.5794  3921455   35.15%
  14313 12293    39700.6877  1608    57844.8800    37516.4337  4013958   35.14%
  14472 12326    44102.7785  1611    57844.8800    37517.5829  4026682   35.14%
  14614 12445    50646.1669  1262    57844.8800    37517.5829  4074604   35.14%
Elapsed time = 1180.97 sec. (337770.91 ticks, tree = 441.87 MB, solutions = 1)
  14796 12663    53582.0088  1059    57844.8800    37533.3191  4148349   35.11%
  14939 12714    46413.2797  1600    57844.8800    37566.6487  4176270   35.06%
  15070 12833        cutoff          57844.8800    37567.9930  4222570   35.05%
  15243 13129    57659.0082  1374    57844.8800    37570.8400  4336102   35.05%
  15357 13121    45911.4007  1592    57844.8800    37573.4217  4327325   35.04%
  15480 13344    40093.3295  1322    57844.8800    37578.7672  4404724   35.04%
  15645 13380    51140.7183  1117    57844.8800    37578.8624  4433031   35.04%
  15803 13639    45774.6289  1354    57844.8800    37582.5016  4529075   35.03%
  16004 13677    49166.4905  1564    57844.8800    37582.5016  4557638   35.03%
  16129 13707    51864.8231  1517    57844.8800    37582.5016  4569303   35.03%
Elapsed time = 1327.61 sec. (376116.79 ticks, tree = 498.37 MB, solutions = 1)
  16335 14024    57822.7013  1262    57844.8800    37582.5016  4644803   35.03%
  16453 14041    42926.5771  1289    57844.8800    37598.0180  4669607   35.00%
  16627 14355    51194.1865  1187    57844.8800    37610.6043  4777676   34.98%
  16863 14481    57244.7869   888    57844.8800    37610.6043  4793018   34.98%
  16980 14468    41874.8934  1613    57844.8800    37612.0047  4835178   34.98%
  17165 14837    55045.8519  1464    57844.8800    37612.0047  4923112   34.98%
  17288 14895    50595.7800  1351    57844.8800    37631.3648  4954666   34.94%
  17445 14954    54875.8686  1172    57844.8800    37631.3648  4969435   34.94%
  17606 15229    40020.9047  1783    57844.8800    37637.0736  5054669   34.93%
  17756 15376    54189.2786  1077    57844.8800    37637.0736  5127789   34.93%
Elapsed time = 1477.00 sec. (414399.44 ticks, tree = 571.62 MB, solutions = 1)
  17978 15548    54865.4721  1184    57844.8800    37637.0736  5180192   34.93%
  18137 15565    50062.1306  1433    57844.8800    37646.6911  5207220   34.92%
  18308 15941    53226.5698  1326    57844.8800    37652.1484  5302496   34.91%
  18517 15895    51028.1359   791    57844.8800    37669.4226  5275018   34.88%
  18697 16278    45205.5531  1379    57844.8800    37677.0459  5392869   34.87%
  18875 16381    45919.4466  1581    57844.8800    37677.0459  5439520   34.87%
  19040 16541    40211.4321  1410    57844.8800    37678.4122  5474866   34.86%
  19181 16667    41285.2807  1640    57844.8800    37678.4122  5514255   34.86%
  19371 16836    47466.9759  1451    57844.8800    37679.6730  5568994   34.86%
  19646 17110    39255.4370  1676    57844.8800    37702.3095  5669705   34.82%
Elapsed time = 1630.02 sec. (452730.76 ticks, tree = 639.75 MB, solutions = 1)
  19816 17132    42310.6804  1564    57844.8800    37702.3095  5682283   34.82%
  19934 17504    46762.2726  1542    57844.8800    37709.0518  5765722   34.81%
  20072 17443    47870.3399  1515    57844.8800    37709.0518  5754549   34.81%
  20163 17568    52828.1122  1191    57844.8800    37709.0518  5806981   34.81%
  20322 17835    40929.3518  1541    57844.8800    37710.4464  5903636   34.81%
  20528 17876    53626.5622  1210    57844.8800    37710.4464  5918891   34.81%
  20643 18005    42088.4423  1705    57844.8800    37717.1621  5971472   34.80%
  20807 18300    48238.8839  1584    57844.8800    37724.7341  6078245   34.78%
  20989 18343    40834.6741  1704    57844.8800    37724.7341  6090679   34.78%
  21076 18555    49370.7320  1376    57844.8800    37725.0524  6174326   34.78%
Elapsed time = 1785.83 sec. (491389.38 ticks, tree = 699.65 MB, solutions = 1)
  21203 18614    51544.3951  1182    57844.8800    37725.0524  6189132   34.78%
  21361 18650    53873.2826  1511    57844.8800    37725.0524  6222027   34.78%
  21479 18775    52600.2404  1374    57844.8800    37725.0524  6276963   34.78%
  21690 19108    55111.9968   433    57844.8800    37725.0524  6367228   34.78%
* 21789+19196                        57843.6200    37725.0524            34.78%
  21896 19326    40659.3606  1613    57843.6200    37747.9430  6406032   34.74%
  22089 19443    46985.0026  1493    57843.6200    37747.9430  6468646   34.74%
  22230 19433    41988.2932  1339    57843.6200    37752.1195  6458693   34.73%
* 22302+19622                        57636.0700    37753.7783            34.50%
  22430 19590    45484.5594  1428    57636.0700    37756.4896  6580636   34.49%
  22575 19760    45457.9753  1575    57636.0700    37756.4896  6563932   34.49%
  22689 19751    52193.9003  1345    57636.0700    37761.1191  6637926   34.48%
Elapsed time = 1947.36 sec. (529720.92 ticks, tree = 757.87 MB, solutions = 3)
  22789 19704    43689.2545  1687    57636.0700    37766.8395  6628073   34.47%
  22912 19977    38056.4979  1729    57636.0700    37766.8395  6719772   34.47%
  23032 20094    51050.9497  1585    57636.0700    37767.6946  6768761   34.47%
  23164 20122    41338.9647  1412    57636.0700    37767.6946  6783095   34.47%
  23296 20286    57519.7744  1156    57636.0700    37778.5883  6874683   34.45%
  23438 20307    40243.4958  1639    57636.0700    37778.7477  6886072   34.45%
  23570 20564    53571.1591  1314    57636.0700    37778.7477  6985865   34.45%
  23693 20822    45810.1540  1560    57636.0700    37784.6657  7083477   34.44%
  23809 20862    55215.5057  1363    57636.0700    37784.6657  7096249   34.44%
  23935 20940    48496.2258  1671    57636.0700    37789.0432  7139383   34.44%
Elapsed time = 2108.70 sec. (568316.47 ticks, tree = 806.28 MB, solutions = 3)
  24025 21046    44012.8327  1595    57636.0700    37789.0432  7175659   34.44%
  24117 21078    49391.1738  1567    57636.0700    37789.0432  7185444   34.44%
* 24138+21117                        57511.5800    37789.0432            34.29%
  24203 21353    38232.1321  1715    57511.5800    37789.0432  7287223   34.29%
  24263 21185    46950.7043  1447    57511.5800    37799.3011  7302157   34.28%
  24355 21213    49339.0434  1490    57511.5800    37799.3011  7315358   34.28%
  24519 21195    43857.2650  1407    57511.5800    37801.3233  7300521   34.27%
  24681 21340    55644.8710  1460    57511.5800    37801.3233  7367293   34.27%
  24796 21721    39851.5144  1728    57511.5800    37804.4003  7512020   34.27%
  24900 21602    54340.4714  1480    57511.5800    37804.4003  7460024   34.27%
  25024 21769    47182.1629  1644    57511.5800    37804.4003  7534833   34.27%
Elapsed time = 2287.05 sec. (607131.41 ticks, tree = 849.22 MB, solutions = 5)
  25162 21990    56548.7372   742    57511.5800    37804.4003  7609897   34.27%
  25306 22024    40857.9125  1685    57511.5800    37804.4003  7647876   34.27%
  25449 22063    42807.7983  1637    57511.5800    37808.0891  7665177   34.26%
  25593 22334    41044.1921  1686    57511.5800    37808.8043  7740563   34.26%
  25748 22228    54014.0381  1537    57511.5800    37808.8043  7719627   34.26%
  25861 22631    51403.5964  1617    57511.5800    37810.5190  7855181   34.26%
  25955 22462    42543.9643  1629    57511.5800    37810.5190  7805872   34.26%
  26091 22834    49766.2441  1613    57511.5800    37817.7965  7947410   34.24%
  26221 22861    40489.8709  1662    57511.5800    37821.1196  7959935   34.24%
  26373 22949    55943.6176  1468    57511.5800    37821.1196  7998701   34.24%
Elapsed time = 2446.62 sec. (645564.29 ticks, tree = 892.50 MB, solutions = 5)
  26543 23246    43838.3093  1534    57511.5800    37826.0281  8111451   34.23%
  26648 23275    49517.1683  1557    57511.5800    37832.1441  8124435   34.22%
  26786 23115    47368.2064  1496    57511.5800    37832.1441  8072360   34.22%
  26876 23473    56855.3135  1445    57511.5800    37842.8679  8183133   34.20%
  26953 23599    51867.4079  1382    57511.5800    37844.6806  8252111   34.20%
  27061 23606    56492.1101  1607    57511.5800    37844.6806  8237544   34.20%
  27163 23730    48130.0339  1316    57511.5800    37844.6806  8318105   34.20%
  27279 23771    53285.6360  1181    57511.5800    37844.6806  8332295   34.20%
  27416 24041    56550.1367  1085    57511.5800    37845.8780  8451623   34.19%
  27595 24069    40276.6781  1611    57511.5800    37848.4284  8461537   34.19%
Elapsed time = 2606.86 sec. (683900.18 ticks, tree = 937.74 MB, solutions = 5)
  27728 24224    56963.0194  1338    57511.5800    37848.4284  8525709   34.19%
  27892 24318    48048.7825  1281    57511.5800    37851.8604  8569063   34.18%
  28049 24699    53522.5029  1180    57511.5800    37878.1979  8681142   34.14%
  28191 24627    43807.8338  1660    57511.5800    37878.1979  8668402   34.14%
  28315 24839    54669.6775  1336    57511.5800    37897.5280  8750329   34.10%
  28431 24925    49623.5938  1670    57511.5800    37901.1356  8786583   34.10%
  28547 24950    38539.7764  1735    57511.5800    37901.1356  8796744   34.10%
  28662 25324    44266.2183  1611    57511.5800    37910.8106  8931721   34.08%
  28788 25349    49029.6428  1511    57511.5800    37910.8106  8943436   34.08%
  28943 25384    38216.1914  1708    57511.5800    37916.8881  8954358   34.07%
Elapsed time = 2775.94 sec. (722221.12 ticks, tree = 998.60 MB, solutions = 5)
  29137 25564    55769.5029  1337    57511.5800    37916.8881  9011080   34.07%
  29187 25576    41919.4075  1657    57511.5800    37917.9260  9021210   34.07%
  29258 25776    51761.1591  1407    57511.5800    37917.9260  9101776   34.07%
  29336 25970    47214.2480  1405    57511.5800    37919.1306  9199326   34.07%
* 29483+25863                        56666.2400    37919.1306            33.08%
  29483 25865    54203.0500  1246    56666.2400    37919.1306  9125918   33.08%
  29636 25965    39528.3996  1809    56666.2400    37919.1306  9191198   33.08%
  29756 24966    50352.0285  1253    56666.2400    37919.7904  9248835   33.08%
  29872 24984    42851.9579  1714    56666.2400    37919.7904  9285625   33.08%
  29991 25394    54853.9148  1527    56666.2400    37919.7904  9429653   33.08%
  30102 25315    49113.4206  1684    56666.2400    37927.4912  9386235   33.07%
Elapsed time = 2942.81 sec. (760788.64 ticks, tree = 995.38 MB, solutions = 6)
  30169 25497    40164.8604  1530    56666.2400    37927.4912  9498049   33.07%
  30320 25540    45862.0206  1469    56666.2400    37935.1307  9511365   33.06%
  30418 25595        cutoff          56666.2400    37940.4671  9549872   33.05%
  30524 25748    50400.4966  1432    56666.2400    37943.0095  9614131   33.04%
  30709 25885    51940.6423  1346    56666.2400    37946.5308  9674191   33.04%
  30822 25981    42025.5621  1805    56666.2400    37952.0161  9714051   33.03%
  30933 26004    45460.8033  1646    56666.2400    37953.2978  9725112   33.02%
  31041 26249    55085.2188  1730    56666.2400    37953.4621  9810798   33.02%
  31151 26190    53542.5234  1181    56666.2400    37964.1869  9795207   33.00%
  31283 26536    44848.5792  1791    56666.2400    37965.8191  9936668   33.00%
Elapsed time = 3110.20 sec. (799222.68 ticks, tree = 1052.39 MB, solutions = 6)
  31433 26563    53797.3226  1563    56666.2400    37971.2144  9948296   32.99%
  31553 26742    50816.7640  1201    56666.2400    37972.3146 10022653   32.99%
  31695 26714    53828.0145   507    56666.2400    37973.6296 10008322   32.99%
* 31778+26790                        56287.8000    37973.6296            32.54%
* 31843+26509                        56280.6300    37976.8771            32.52%
  31851 26426    41961.8146  1524    56280.6300    37976.8771 10122598   32.52%
  31976 26522    46658.2581  1456    56280.6300    37976.8771 10165396   32.52%
  32114 26474    47196.9415  1466    56280.6300    37978.9291 10136149   32.52%
  32250 26700    45939.8787  1214    56280.6300    37980.6387 10241060   32.52%
  32451 26850    44727.6339  1172    56280.6300    37980.6387 10293508   32.52%
  32576 26949    44515.2248  1456    56280.6300    38000.7199 10332913   32.48%
  32692 27050    44694.3202  1160    56280.6300    38005.8268 10379423   32.47%
Elapsed time = 3273.64 sec. (837577.95 ticks, tree = 1064.31 MB, solutions = 8)
  32831 27076    46186.2379  1239    56280.6300    38005.8268 10390059   32.47%
  32943 27337    44916.4217  1501    56280.6300    38007.6160 10450334   32.47%
  33051 27607    51732.9125  1561    56280.6300    38007.6160 10562086   32.47%
  33192 27413    45433.7603  1563    56280.6300    38007.6160 10493703   32.47%
  33367 27711    51395.2520  1468    56280.6300    38012.2600 10602373   32.46%
  33477 27871    43453.5688  1660    56280.6300    38012.2600 10649635   32.46%
  33558 27903    54731.1305  1568    56280.6300    38012.2600 10661789   32.46%
  33661 28010    52575.5760  1008    56280.6300    38012.2600 10725780   32.46%
  33824 28109    52018.1728  1512    56280.6300    38015.8721 10753571   32.45%
  33985 28252    55427.6764  1195    56280.6300    38015.8721 10814788   32.45%
Elapsed time = 3440.12 sec. (875922.34 ticks, tree = 1109.78 MB, solutions = 8)
  34131 28365    53353.7640  1143    56280.6300    38023.0319 10859488   32.44%
  34267 28596    45696.7681  1638    56280.6300    38026.1844 10941932   32.43%
  34395 28719    46092.3575  1561    56280.6300    38026.1844 10981517   32.43%
  34518 28645    55923.3097  1571    56280.6300    38028.6094 10960284   32.43%
  34598 28921    44672.5880  1733    56280.6300    38029.2174 11056203   32.43%
  34686 29068    44625.1503  1441    56280.6300    38029.2174 11125300   32.43%
  34805 29173    41076.9914  1839    56280.6300    38030.1327 11184339   32.43%
  34890 29283    42291.1375  1576    56280.6300    38037.7195 11225862   32.41%
* 34914+29289                        55548.1200    38037.7195            31.52%
  34993 29161    45521.8754  1557    55548.1200    38037.7195 11175839   31.52%
  35188 27990    54417.4033  1535    55548.1200    38041.1973 11311185   31.52%
Elapsed time = 3605.83 sec. (914296.39 ticks, tree = 1074.68 MB, solutions = 9)
  35259 28011    45662.1787  1346    55548.1200    38041.1973 11301096   31.52%
  35345 28222    50169.1377  1169    55548.1200    38041.1973 11419756   31.52%
  35500 28334    55053.0754  1474    55548.1200    38041.1973 11482829   31.52%
  35627 28328    43556.2292  1520    55548.1200    38042.6224 11465462   31.51%
  35750 28540    44399.8167  1620    55548.1200    38042.6224 11559696   31.51%
  35887 28639    40608.4436  1600    55548.1200    38044.7666 11598976   31.51%
  36016 28716    40851.1671  1661    55548.1200    38044.9958 11640461   31.51%
  36147 28710    54472.2745  1439    55548.1200    38045.4819 11623825   31.51%
  36248 29066    48109.3481  1729    55548.1200    38046.8250 11771044   31.51%
  36368 28956    44099.1201  1402    55548.1200    38046.8250 11730217   31.51%
Elapsed time = 3770.34 sec. (952594.19 ticks, tree = 1127.93 MB, solutions = 9)
  36499 29066    40840.5093  1633    55548.1200    38049.6856 11767935   31.50%
  36619 29420    48200.8634  1514    55548.1200    38054.3842 11921476   31.49%
  36754 29454    41067.4426  1598    55548.1200    38054.3842 11933681   31.49%
  36871 29392    42408.3253  1554    55548.1200    38056.7266 11912305   31.49%
  37003 29615    47255.2355  1361    55548.1200    38056.7644 12013905   31.49%
  37148 29654    53637.1753  1259    55548.1200    38061.2319 12027346   31.48%
  37244 29765    44512.8333  1370    55548.1200    38063.8892 12061760   31.48%
  37341 29891    40581.7276  1713    55548.1200    38066.6874 12128058   31.47%
  37422 30002    40933.5059  1690    55548.1200    38066.9535 12174784   31.47%
  37516 30130    46981.3955  1579    55548.1200    38068.8160 12212737   31.47%
Elapsed time = 3935.84 sec. (991206.57 ticks, tree = 1171.95 MB, solutions = 9)
  37622 30281    42124.2259  1748    55548.1200    38069.0555 12303895   31.47%
  37717 30246    45399.6755  1676    55548.1200    38072.9220 12287814   31.46%
  37834 30542    46567.1915  1486    55548.1200    38074.4866 12433961   31.46%
  37944 30568    39943.6550  1766    55548.1200    38074.4866 12445227   31.46%
  38064 30555    45140.8593  1502    55548.1200    38074.4866 12431823   31.46%
  38169 30616    40063.1387  1639    55548.1200    38074.6813 12483166   31.46%
  38244 30869    47321.4455  1697    55548.1200    38074.6813 12577143   31.46%
  38346 31020    43908.3692  1699    55548.1200    38081.1010 12645678   31.44%
  38480 30965    40748.7242  1521    55548.1200    38081.3280 12626977   31.44%
  38600 31019    50091.5140  1440    55548.1200    38082.0458 12640263   31.44%
Elapsed time = 4101.38 sec. (1029603.68 ticks, tree = 1206.77 MB, solutions = 9)
  38744 31324        cutoff          55548.1200    38090.6205 12767359   31.43%
  38844 31230    43952.2173  1587    55548.1200    38090.6205 12751260   31.43%
  38986 31533    55064.9171  1432    55548.1200    38090.6205 12875274   31.43%
  39092 31474    51584.8330  1197    55548.1200    38090.6205 12852523   31.43%
  39235 31515    53928.2369  1257    55548.1200    38090.6205 12864521   31.43%
  39335 31913    54121.5478  1601    55548.1200    38105.6565 13025689   31.40%
  39441 31854    49958.0346  1446    55548.1200    38105.9632 13007948   31.40%
  39520 31984    46086.2496  1370    55548.1200    38108.0965 13075057   31.40%
  39612 32226    50961.4437  1627    55548.1200    38114.9891 13171205   31.38%
  39744 32113    51423.4773  1703    55548.1200    38114.9891 13127487   31.38%
Elapsed time = 4266.34 sec. (1068099.52 ticks, tree = 1261.77 MB, solutions = 9)
  39873 32287    46189.0804  1452    55548.1200    38116.0626 13196679   31.38%
  40068 32413    46496.1920  1359    55548.1200    38116.0626 13261929   31.38%
  40197 32518    43352.2177  1360    55548.1200    38116.0626 13293004   31.38%
  40342 32865    46731.6959  1350    55548.1200    38125.9738 13411476   31.36%
  40494 32688    40591.1198  1815    55548.1200    38126.2984 13361868   31.36%
  40575 32809    47686.7502  1271    55548.1200    38128.5954 13397217   31.36%
  40650 32963    43581.7335  1585    55548.1200    38136.3801 13465933   31.35%
  40755 33004    48939.2766  1356    55548.1200    38136.3801 13479366   31.35%
  40874 33259    45008.8420  1553    55548.1200    38136.3801 13595267   31.35%
  41039 33407    46537.5471  1440    55548.1200    38136.3801 13665849   31.35%
Elapsed time = 4437.94 sec. (1106541.29 ticks, tree = 1311.22 MB, solutions = 9)
* 41045+33425                        55071.2000    38140.0376            30.74%
  41138 32471    41039.9349  1715    55071.2000    38140.0376 13742738   30.74%
  41248 32648    41771.7409  1741    55071.2000    38149.1288 13810192   30.73%
  41385 32685    45865.5344  1472    55071.2000    38149.1288 13821720   30.73%
  41547 32675    53453.6886  1351    55071.2000    38153.6539 13808166   30.72%
  41711 32783    40682.7679  1627    55071.2000    38162.1793 13846091   30.70%
  41850 33111    45218.9760  1612    55071.2000    38162.3354 13975799   30.70%
  41983 33203    45643.6354  1571    55071.2000    38168.6357 14010133   30.69%
  42132 33354    40815.4089  1604    55071.2000    38168.6643 14064550   30.69%
  42218 33418    45822.9745  1641    55071.2000    38177.0130 14096839   30.68%
  42341 33685    54109.7526  1442    55071.2000    38178.0751 14207013   30.68%
Elapsed time = 4608.99 sec. (1145023.59 ticks, tree = 1332.36 MB, solutions = 10)
  42425 33536    42811.7231  1646    55071.2000    38178.0751 14158463   30.68%
  42541 33603    50923.2383  1445    55071.2000    38181.4610 14189815   30.67%
  42706 33814    42499.4607  1515    55071.2000    38181.4610 14268616   30.67%
  42828 33872    52649.4347  1585    55071.2000    38182.4754 14281901   30.67%
  42929 33954    48167.2952  1686    55071.2000    38184.6604 14315374   30.66%
  43031 34164    43092.8364  1744    55071.2000    38187.4879 14415647   30.66%
  43138 34383    40537.4025  1765    55071.2000    38190.0577 14505733   30.65%
  43275 34386    53164.3482  1597    55071.2000    38190.0577 14486233   30.65%
  43399 34588    52469.2442  1625    55071.2000    38202.0693 14586168   30.63%
  43517 34614    40558.1698  1650    55071.2000    38202.5255 14598646   30.63%
Elapsed time = 4776.55 sec. (1183476.80 ticks, tree = 1367.92 MB, solutions = 10)
  43646 34800    46000.4592  1596    55071.2000    38206.2776 14664254   30.62%
  43753 34736    45789.2217  1633    55071.2000    38207.9104 14643611   30.62%
  43891 34926    53853.8845  1142    55071.2000    38207.9104 14712722   30.62%
  43993 34944    42186.3995  1497    55071.2000    38214.0672 14724317   30.61%
  44114 35199    43427.8768  1710    55071.2000    38216.9945 14831108   30.60%
  44218 35291    49406.9781  1157    55071.2000    38218.1500 14870771   30.60%
  44424 35395    44455.3075  1756    55071.2000    38220.3308 14915344   30.60%
  44523 35643    40740.0538  1619    55071.2000    38227.9186 15017511   30.58%
  44650 35592    53031.8220  1186    55071.2000    38228.9521 15004113   30.58%
  44828 35616    41665.3257  1600    55071.2000    38230.4728 15016517   30.58%
Elapsed time = 4945.74 sec. (1222070.51 ticks, tree = 1416.16 MB, solutions = 10)
  44941 35976    47206.3465  1617    55071.2000    38232.0332 15146610   30.58%
  45061 36085    38525.6727  1768    55071.2000    38232.7439 15185341   30.58%
  45179 36213    52911.2284  1570    55071.2000    38232.7439 15229736   30.58%
  45271 36368    42899.7678  1623    55071.2000    38233.5052 15303352   30.57%
  45402 36282    49511.3985   995    55071.2000    38235.7373 15255482   30.57%
  45605 36481    41482.7198  1462    55071.2000    38235.8579 15349954   30.57%
  45734 36540    51478.3833  1437    55071.2000    38236.5829 15362968   30.57%
  45889 36738    53532.4352  1109    55071.2000    38236.5829 15433699   30.57%
  46002 36820    40724.8501  1596    55071.2000    38238.7954 15482467   30.56%
  46136 36912    46779.6378  1463    55071.2000    38240.2372 15519610   30.56%
Elapsed time = 5120.30 sec. (1260497.05 ticks, tree = 1483.31 MB, solutions = 10)
  46248 36940    49396.4505  1511    55071.2000    38241.7723 15531937   30.56%
  46340 37129    46407.4481  1679    55071.2000    38241.7723 15578319   30.56%
  46431 37329    54403.6745  1047    55071.2000    38241.7723 15683588   30.56%
  46521 37450    42343.1101  1635    55071.2000    38245.7442 15727419   30.55%
  46660 37598    40468.4379  1776    55071.2000    38251.5450 15798926   30.54%
  46800 37580    45138.6038  1416    55071.2000    38253.1195 15777720   30.54%
  46960 37862    39546.4584  1614    55071.2000    38256.7041 15909328   30.53%
  47093 37886    43037.5992  1715    55071.2000    38260.6124 15921917   30.53%
  47202 38090    47114.2607  1645    55071.2000    38263.0937 15995581   30.52%
  47337 38016    43887.6883  1745    55071.2000    38263.0937 15975691   30.52%
Elapsed time = 5290.81 sec. (1298909.07 ticks, tree = 1529.26 MB, solutions = 10)
  47433 38204    53918.8497  1650    55071.2000    38263.7532 16044160   30.52%
  47533 38215    41869.1011  1678    55071.2000    38263.7880 16053720   30.52%
  47654 38344    39696.4577  1747    55071.2000    38263.9560 16101821   30.52%
  47743 38549    47331.8414  1564    55071.2000    38274.1731 16193512   30.50%
  47825 38624    50691.7881  1317    55071.2000    38280.1503 16231271   30.49%
  47937 38736    46449.8661  1554    55071.2000    38281.2829 16269617   30.49%
  48057 38895    45023.1524  1612    55071.2000    38282.0417 16346168   30.49%
  48177 38935    53723.1613  1528    55071.2000    38285.5876 16357369   30.48%
  48306 39004    54167.7791  1487    55071.2000    38286.7320 16395337   30.48%
  48409 39159    43662.3239  1730    55071.2000    38286.7634 16461645   30.48%
Elapsed time = 5461.97 sec. (1337357.27 ticks, tree = 1589.19 MB, solutions = 10)
  48552 39295    51912.3665  1550    55071.2000    38291.0762 16504738   30.47%
  48664 39430    45560.4228  1610    55071.2000    38291.1284 16577276   30.47%
  48773 39614    45644.1770  1518    55071.2000    38295.6789 16650278   30.46%
  48903 39547    51049.8819  1666    55071.2000    38296.4183 16627223   30.46%
  49005 39721    41227.7972  1638    55071.2000    38299.4828 16696664   30.45%
  49127 39744    44962.7149  1657    55071.2000    38300.0376 16707560   30.45%
  49235 39921    47892.6356  1638    55071.2000    38300.7433 16783420   30.45%
  49326 40032    41474.4357  1671    55071.2000    38302.1987 16823172   30.45%
  49431 40213        cutoff          55071.2000    38304.8437 16892432   30.44%
  49490 40231    41912.4399  1810    55071.2000    38307.0119 16903019   30.44%
Elapsed time = 5633.30 sec. (1375901.82 ticks, tree = 1643.42 MB, solutions = 10)
  49586 40324    50100.6041  1423    55071.2000    38307.4437 16971419   30.44%
  49692 40508    54471.1444  1589    55071.2000    38307.7337 17048385   30.44%
  49817 40564    43928.2307  1554    55071.2000    38307.8313 17085226   30.44%
  49956 40570        cutoff          55071.2000    38308.2533 17074822   30.44%
  50119 40622    40012.8395  1383    55071.2000    38309.5620 17109654   30.44%
  50215 40731    42624.8678  1675    55071.2000    38309.8424 17150537   30.44%
  50348 40777    50847.8233  1573    55071.2000    38310.0854 17190256   30.44%
  50467 41072    51109.5422  1569    55071.2000    38312.8235 17302630   30.43%
  50585 41244    47274.5000  1432    55071.2000    38312.8930 17376340   30.43%
  50696 41197    51818.4956  1580    55071.2000    38317.2567 17355149   30.42%
Elapsed time = 5804.20 sec. (1414336.91 ticks, tree = 1692.50 MB, solutions = 10)
  50805 41468    52195.2408  1471    55071.2000    38317.6277 17456912   30.42%
  50915 41491    42356.3775  1669    55071.2000    38321.5434 17467670   30.41%
  51031 41706    47896.5861  1392    55071.2000    38325.3287 17570098   30.41%
  51139 41743    54584.5218  1188    55071.2000    38327.2521 17582520   30.40%
  51229 41819    42370.8624  1475    55071.2000    38332.7055 17621702   30.39%
  51316 41980    50948.4118  1537    55071.2000    38333.5292 17683865   30.39%
  51442 41999    42542.3018  1587    55071.2000    38334.6229 17693700   30.39%
  51564 42106    40112.5579  1573    55071.2000    38336.6733 17738182   30.39%
  51666 42239    44641.8892  1678    55071.2000    38337.0520 17815146   30.39%
  51775 42339    50793.2052  1089    55071.2000    38337.0520 17864725   30.39%
Elapsed time = 5977.33 sec. (1452806.95 ticks, tree = 1748.00 MB, solutions = 10)
  51919 42288    41710.0766  1677    55071.2000    38338.1113 17837743   30.38%
  52005 42409    42272.1664  1537    55071.2000    38342.8865 17890236   30.38%
  52124 42488    48371.8539  1638    55071.2000    38344.0723 17924159   30.37%
  52236 42753    42224.7963  1519    55071.2000    38345.2298 18040630   30.37%
  52368 42695    44810.8453  1641    55071.2000    38345.7714 18009744   30.37%
  52517 43091    39943.3121  1724    55071.2000    38348.1301 18190247   30.37%
  52629 43028    44299.2575  1511    55071.2000    38348.1301 18164694   30.37%
  52718 43056    51242.5024  1365    55071.2000    38348.3636 18177255   30.37%
  52828 43335    42147.6248  1673    55071.2000    38348.8155 18290003   30.37%
  52922 43229    45703.0262  1131    55071.2000    38349.7736 18264990   30.36%
Elapsed time = 6150.45 sec. (1491110.65 ticks, tree = 1758.24 MB, solutions = 10)
  53032 43368    50711.2505  1523    55071.2000    38349.7736 18311793   30.36%
  53195 43579    50890.3999  1625    55071.2000    38349.9376 18387631   30.36%
  53327 43632    40855.2912  1802    55071.2000    38349.9376 18398269   30.36%
  53402 43717    44018.2244  1598    55071.2000    38349.9376 18438668   30.36%
  53518 44030    48178.2874  1486    55071.2000    38352.1199 18569613   30.36%
  53664 43840    49648.9848  1501    55071.2000    38353.5109 18521037   30.36%
  53783 44155    47130.0364  1560    55071.2000    38355.1347 18629758   30.35%
  53883 44296    50233.2338  1568    55071.2000    38355.1347 18702896   30.35%
  53989 44260    44652.3740  1540    55071.2000    38355.1347 18675088   30.35%
  54133 44529    52394.9122  1351    55071.2000    38365.5878 18784661   30.33%
Elapsed time = 6329.28 sec. (1529588.42 ticks, tree = 1826.15 MB, solutions = 10)
  54265 44724    54237.1308  1343    55071.2000    38368.0944 18855143   30.33%
  54379 44637    45341.5890  1551    55071.2000    38368.2253 18834850   30.33%
  54510 44669    40453.8747  1514    55071.2000    38368.5525 18847184   30.33%
  54614 44993    47424.2167  1441    55071.2000    38371.0928 18991279   30.32%
  54771 44955    50799.9035  1006    55071.2000    38371.1783 18969596   30.32%
  54927 45239    42515.1900  1575    55071.2000    38371.6174 19079921   30.32%
  55026 45188    46133.3247  1390    55071.2000    38373.4166 19061612   30.32%
  55128 45405    49202.7507  1597    55071.2000    38379.4739 19143247   30.31%
  55295 45504    45664.7987  1780    55071.2000    38379.4739 19190116   30.31%
  55420 45607    41383.5744  1750    55071.2000    38388.4031 19238718   30.29%
Elapsed time = 6506.95 sec. (1568071.66 ticks, tree = 1864.24 MB, solutions = 10)
  55530 45808    44849.1459  1586    55071.2000    38388.4031 19309690   30.29%
  55659 45923    44749.8001  1602    55071.2000    38388.4031 19352599   30.29%
  55802 46100    41545.7237  1792    55071.2000    38390.3239 19425989   30.29%
  55902 46055    47099.2561  1672    55071.2000    38390.4956 19407209   30.29%
  56050 46095    39326.7650  1685    55071.2000    38393.9489 19418267   30.28%
  56153 46465    45035.5747  1621    55071.2000    38394.1473 19557968   30.28%
  56247 46290    48632.1565  1434    55071.2000    38394.5128 19510363   30.28%
  56334 46369    42748.2492  1614    55071.2000    38394.5517 19547377   30.28%
  56428 46711    45290.3617  1546    55071.2000    38395.0707 19685364   30.28%
  56544 46743    51665.7304  1352    55071.2000    38397.0516 19696585   30.28%
Elapsed time = 6685.03 sec. (1606393.69 ticks, tree = 1916.78 MB, solutions = 10)
  56692 47012    54435.9738   853    55071.2000    38397.7159 19814332   30.28%
  56813 46886        cutoff          55071.2000    38398.5609 19753386   30.27%
  56942 47136    46597.7308  1468    55071.2000    38400.3385 19870299   30.27%
  57119 47177    40776.1657  1779    55071.2000    38400.6387 19881667   30.27%
  57221 47357    42365.2860  1767    55071.2000    38402.2858 19956181   30.27%
  57301 47272    42783.8426  1814    55071.2000    38403.5617 19932391   30.27%
  57419 47515    49251.3942  1670    55071.2000    38403.8568 20010396   30.27%
  57534 47542    41428.0888  1784    55071.2000    38404.9618 20021816   30.26%
  57677 47723    43340.2303  1621    55071.2000    38409.3947 20090025   30.26%
  57794 47959    42078.6296  1818    55071.2000    38412.2658 20192400   30.25%
Elapsed time = 6863.75 sec. (1644751.40 ticks, tree = 1973.21 MB, solutions = 10)
  57901 47981    45413.7919  1733    55071.2000    38412.5198 20203014   30.25%
  58008 48174    51533.0655  1620    55071.2000    38412.5961 20273171   30.25%
  58122 48118    44660.1111  1752    55071.2000    38413.2867 20251452   30.25%
  58229 48444    49024.0513  1553    55071.2000    38414.8845 20395218   30.25%
  58392 48430    52687.1477   782    55071.2000    38414.8845 20381608   30.25%
  58506 48642    54011.5555  1187    55071.2000    38418.1129 20488944   30.24%
  58585 48815    43772.5756  1457    55071.2000    38420.1295 20534863   30.24%
  58712 48597    51971.5462  1411    55071.2000    38423.3301 20473284   30.23%
  58854 48887    45703.7598  1536    55071.2000    38423.4184 20559382   30.23%
  58999 48950    43007.5106  1619    55071.2000    38425.6957 20604872   30.23%
Elapsed time = 7043.19 sec. (1683369.21 ticks, tree = 2029.55 MB, solutions = 10)
  59100 49021    45537.0808  1519    55071.2000    38427.8714 20640572   30.22%
  59262 49152        cutoff          55071.2000    38429.6755 20692584   30.22%
  59370 49179    41055.3551  1548    55071.2000    38430.1208 20704805   30.22%
  59466 49454    45335.2554  1595    55071.2000    38431.2084 20806199   30.22%
  59586 49489    53530.8113  1567    55071.2000    38433.9912 20817558   30.21%
  59696 49511    40897.0135  1400    55071.2000    38434.2928 20830218   30.21%
  59797 49753    42636.3048  1720    55071.2000    38436.7783 20941614   30.21%
  59894 49877    50539.2139  1494    55071.2000    38440.5738 20981775   30.20%
  60021 50033    54227.4865  1060    55071.2000    38444.7164 21032207   30.19%
  60121 50075    47289.2837  1246    55071.2000    38444.8858 21072967   30.19%
Elapsed time = 7220.03 sec. (1721613.04 ticks, tree = 2088.06 MB, solutions = 10)
Nodefile size = 33.45 MB (32.25 MB after compression)
  60223 50218    54935.2086  1465    55071.2000    38446.3658 21148673   30.19%
  60314 50192    50151.3291  1650    55071.2000    38446.3658 21127690   30.19%
  60400 50366    51552.6752  1417    55071.2000    38448.0967 21202457   30.18%
  60490 50393    41950.4590  1707    55071.2000    38448.0967 21213636   30.18%
  60574 50519    49615.3994  1307    55071.2000    38451.5775 21291953   30.18%
  60708 50561    54652.4340  1140    55071.2000    38451.9709 21303881   30.18%
  60812 50605    43293.2231  1708    55071.2000    38452.1800 21342527   30.18%
  60916 50857    44972.0994  1571    55071.2000    38452.2644 21452529   30.18%
  61041 50838    46173.3671  1593    55071.2000    38452.4464 21430163   30.18%
  61145 51048    42430.6686  1745    55071.2000    38452.9514 21542769   30.18%
Elapsed time = 7397.34 sec. (1760165.12 ticks, tree = 2125.11 MB, solutions = 10)
Nodefile size = 70.84 MB (68.35 MB after compression)
  61220 51068    46553.1339  1505    55071.2000    38453.5697 21554071   30.17%
  61334 51168    46732.8409  1468    55071.2000    38454.3887 21594738   30.17%
  61477 51276    54820.7436  1437    55071.2000    38454.8636 21634600   30.17%
  61559 51505    49730.0452  1327    55071.2000    38454.9689 21745714   30.17%
  61668 51377    42144.0855  1623    55071.2000    38455.2429 21687846   30.17%
  61791 51571    41045.5362  1681    55071.2000    38455.6968 21769336   30.17%
  61888 51657    44273.3018  1554    55071.2000    38456.1757 21810397   30.17%
  61999 51751    41593.2735  1499    55071.2000    38456.6398 21853782   30.17%
  62108 51989    47940.6043  1557    55071.2000    38457.5261 21964721   30.17%
  62227 52081    54453.0578  1246    55071.2000    38460.6557 22010993   30.16%
Elapsed time = 7578.77 sec. (1798578.24 ticks, tree = 2176.52 MB, solutions = 10)
Nodefile size = 123.64 MB (119.36 MB after compression)
  62363 52058    49214.0548  1408    55071.2000    38463.1257 21990722   30.16%
  62497 52145    48363.4035  1635    55071.2000    38463.7341 22035742   30.16%
  62609 52167    40646.6168  1803    55071.2000    38464.6310 22047396   30.15%
  62740 52348    40169.0449  1735    55071.2000    38466.1145 22124225   30.15%
  62828 52545    51207.8048  1679    55071.2000    38466.1145 22207137   30.15%
  62954 52570    39895.2782  1760    55071.2000    38467.0562 22218236   30.15%
  63066 52595    41905.2088  1838    55071.2000    38468.0451 22228818   30.15%
  63158 53060    46955.7778  1502    55071.2000    38472.1808 22408044   30.14%
  63304 52997    53745.7743  1599    55071.2000    38473.7615 22383005   30.14%
  63401 53022    42444.1110  1542    55071.2000    38473.7615 22394827   30.14%
Elapsed time = 7757.77 sec. (1837137.96 ticks, tree = 2209.99 MB, solutions = 10)
Nodefile size = 152.92 MB (147.62 MB after compression)
  63485 53344    46212.1251  1576    55071.2000    38476.2020 22538965   30.13%
  63584 53380    51707.8970  1491    55071.2000    38476.3058 22550355   30.13%
  63704 53564    54908.8720  1510    55071.2000    38476.4213 22618022   30.13%
  63833 53652    52501.9800   808    55071.2000    38476.4213 22659987   30.13%
  63945 53508    44514.6316  1740    55071.2000    38478.1502 22609057   30.13%
  64051 53814    54231.2021  1567    55071.2000    38478.1502 22750741   30.13%
  64144 53926    41700.0027  1436    55071.2000    38478.1502 22797010   30.13%
  64277 53857    45464.1982  1591    55071.2000    38489.7976 22772954   30.11%
  64437 53984    42628.8400  1617    55071.2000    38489.7976 22821464   30.11%
  64556 54020    48089.8975  1559    55071.2000    38490.3778 22832952   30.11%
Elapsed time = 7943.45 sec. (1875544.24 ticks, tree = 2253.19 MB, solutions = 10)
Nodefile size = 197.49 MB (190.73 MB after compression)
  64670 54124    43954.0881  1617    55071.2000    38497.0042 22873509   30.10%
  64777 54437    44342.4288  1490    55071.2000    38497.6018 22987940   30.09%
  64863 54393    44504.4471  1597    55071.2000    38503.6307 22965550   30.08%
  64986 54484    54515.3721  1337    55071.2000    38504.0940 23010954   30.08%
  65096 54604    50103.1446  1387    55071.2000    38504.4091 23053658   30.08%
  65215 54848    49767.7824  1152    55071.2000    38504.5660 23165543   30.08%
  65394 54944    39846.1537  1459    55071.2000    38505.0297 23178638   30.08%
  65523 55053    54099.3827  1357    55071.2000    38505.5469 23251169   30.08%
  65660 55155    51260.4325   738    55071.2000    38506.4808 23304217   30.08%
  65862 55092    44942.6514  1499    55071.2000    38508.5054 23274895   30.08%
Elapsed time = 8129.17 sec. (1913959.81 ticks, tree = 2309.63 MB, solutions = 10)
Nodefile size = 252.03 MB (243.44 MB after compression)
  65974 55484    48056.1903  1488    55071.2000    38510.9493 23428073   30.07%
  66068 55507    50108.5925  1513    55071.2000    38512.6057 23439793   30.07%
  66222 55474    48428.7938  1596    55071.2000    38512.7348 23416636   30.07%
  66357 55776    40057.0815  1817    55071.2000    38517.8115 23498641   30.06%
  66451 56068    46287.6502  1422    55071.2000    38519.5123 23608588   30.06%
  66569 56170    49276.4201  1624    55071.2000    38519.9944 23654815   30.05%
  66707 56144    43869.3350  1530    55071.2000    38523.7775 23632539   30.05%
  66812 56405    42717.5859  1562    55071.2000    38524.1958 23741446   30.05%
  66931 56449    48845.9417  1485    55071.2000    38525.9773 23753962   30.04%
  67044 56337    53279.1947  1360    55071.2000    38527.5896 23731947   30.04%
Elapsed time = 8311.24 sec. (1952343.14 ticks, tree = 2372.15 MB, solutions = 10)
Nodefile size = 315.23 MB (304.39 MB after compression)
  67160 56601    38994.6960  1810    55071.2000    38527.5896 23809783   30.04%
  67273 56694    47300.1951  1394    55071.2000    38527.7585 23856308   30.04%
  67402 56780    39664.1318  1641    55071.2000    38527.7585 23902729   30.04%
  67524 56968    48890.4238  1610    55071.2000    38527.7585 23977803   30.04%
  67651 57206    51428.4559  1585    55071.2000    38535.5200 24071460   30.03%
  67749 57280    42881.9294  1515    55071.2000    38538.2438 24111976   30.02%
  67835 57372    47998.6758  1312    55071.2000    38538.3383 24154295   30.02%
  67930 57460    46173.5515  1677    55071.2000    38538.5857 24197306   30.02%
  68050 57356    46016.4102  1715    55071.2000    38539.7265 24147073   30.02%
  68167 57458    41510.7940  1404    55071.2000    38541.5216 24190875   30.02%
Elapsed time = 8493.94 sec. (1990900.47 ticks, tree = 2435.88 MB, solutions = 10)
Nodefile size = 381.08 MB (367.99 MB after compression)
  68290 57537    45939.5219  1491    55071.2000    38542.5129 24231133   30.01%
  68380 57806    41588.2091  1548    55071.2000    38543.0028 24349342   30.01%
  68494 57916    45204.8564  1685    55071.2000    38544.0640 24393291   30.01%
  68626 57952    41367.1518  1710    55071.2000    38545.2931 24404500   30.01%
  68715 58004    47649.6011  1544    55071.2000    38545.8480 24454666   30.01%
  68841 58153    48080.1194  1242    55071.2000    38546.9730 24504455   30.01%
  68956 58401    42743.4401  1722    55071.2000    38547.2365 24617774   30.00%
  69088 58427    46045.5904  1587    55071.2000    38547.4037 24629603   30.00%
  69209 58614    49299.7812  1455    55071.2000    38547.6350 24717894   30.00%
  69301 58479    41548.8336  1437    55071.2000    38547.9532 24655365   30.00%
Elapsed time = 8676.81 sec. (2029370.03 ticks, tree = 2455.34 MB, solutions = 10)
Nodefile size = 397.61 MB (383.85 MB after compression)
  69381 58856    46116.3145  1448    55071.2000    38548.1070 24817197   30.00%
  69476 58953    47963.2906  1594    55071.2000    38550.2389 24867688   30.00%
  69585 58818    43340.8254  1406    55071.2000    38550.9227 24802749   30.00%
  69693 58952    53506.8997  1418    55071.2000    38551.8262 24851385   30.00%
  69781 59031    44998.5234  1550    55071.2000    38552.4790 24903559   30.00%
  69902 59343    51811.2548  1539    55071.2000    38553.8410 25057806   29.99%
  70041 59290    53531.4309  1487    55071.2000    38554.3139 25034520   29.99%
  70119 59417    41839.5207  1674    55071.2000    38556.0192 25115427   29.99%
  70201 59435    45433.9444  1650    55071.2000    38556.0748 25126270   29.99%
  70334 59725    54592.0621  1406    55071.2000    38556.3309 25248772   29.99%
Elapsed time = 8855.56 sec. (2067824.67 ticks, tree = 2501.94 MB, solutions = 10)
Nodefile size = 447.72 MB (432.15 MB after compression)
  70424 59569    47267.8306  1282    55071.2000    38559.6096 25190285   29.98%
  70520 59912    39492.0402  1607    55071.2000    38561.5539 25339517   29.98%
  70654 59796    40294.7804  1595    55071.2000    38565.5409 25285718   29.97%
  70794 59976    49337.4990  1624    55071.2000    38565.6454 25362318   29.97%
  70922 60069    47605.2343  1636    55071.2000    38566.4013 25410677   29.97%
  71069 60243    48622.2451  1606    55071.2000    38569.2042 25484348   29.96%
  71182 60472    45855.6287  1432    55071.2000    38570.7171 25564194   29.96%
  71315 60602    54994.8785  1435    55071.2000    38573.9889 25612308   29.96%
  71403 60677    46343.8012  1595    55071.2000    38575.8984 25655167   29.95%
  71528 60800    48756.9456  1631    55071.2000    38577.6162 25700870   29.95%
Elapsed time = 9044.97 sec. (2106168.92 ticks, tree = 2564.86 MB, solutions = 10)
Nodefile size = 511.54 MB (493.74 MB after compression)
  71660 60731        cutoff          55071.2000    38577.6162 25677848   29.95%
  71774 60931    46111.5333  1536    55071.2000    38585.2252 25760906   29.94%
  71856 60889    43073.2274  1325    55071.2000    38585.2252 25738403   29.94%
  71987 61165    40893.1484  1621    55071.2000    38585.6774 25855748   29.93%
  72095 60989    44362.1204  1633    55071.2000    38586.7151 25795652   29.93%
  72205 61355    47788.5122  1722    55071.2000    38588.5306 25952516   29.93%
  72272 61328    45143.4264  1540    55071.2000    38588.5306 25931034   29.93%
  72397 61551    42634.1604  1724    55071.2000    38590.5386 26036495   29.93%
  72511 61431    48737.5680  1395    55071.2000    38592.6117 25986029   29.92%
  72650 61767    40160.2274  1642    55071.2000    38592.8860 26131075   29.92%
Elapsed time = 9231.27 sec. (2144746.23 ticks, tree = 2600.29 MB, solutions = 10)
Nodefile size = 546.35 MB (527.30 MB after compression)
  72775 61892    54656.2281  1432    55071.2000    38593.2522 26184593   29.92%
  72899 61913    42705.8010  1594    55071.2000    38593.9345 26196009   29.92%
  73019 62019    52585.5123  1502    55071.2000    38597.1407 26237007   29.91%
  73131 62035    40916.4435  1657    55071.2000    38597.3265 26248028   29.91%
  73229 62355    45234.1026  1536    55071.2000    38597.5058 26373333   29.91%
  73323 62152    40681.6064  1657    55071.2000    38598.1855 26308501   29.91%
  73384 62412    42668.1895  1602    55071.2000    38598.4354 26393252   29.91%
  73463 62599    46739.8121  1505    55071.2000    38598.6684 26511912   29.91%
  73568 62497    39990.7157  1600    55071.2000    38600.8521 26452152   29.91%
  73680 62804    42460.1266  1535    55071.2000    38600.9068 26603928   29.91%
Elapsed time = 9417.50 sec. (2183278.16 ticks, tree = 2635.09 MB, solutions = 10)
Nodefile size = 581.98 MB (561.63 MB after compression)
  73773 62772    47871.2012  1557    55071.2000    38600.9068 26583303   29.91%
  73890 62977    51754.7991  1488    55071.2000    38602.5654 26694532   29.90%
  74020 62933    48657.4348  1433    55071.2000    38602.5654 26669105   29.90%
  74121 63031    44292.0364  1590    55071.2000    38602.5654 26719048   29.90%
  74261 63214    40696.8620  1775    55071.2000    38604.1897 26808427   29.90%
  74382 63239    43464.5558  1804    55071.2000    38604.6405 26818602   29.90%
  74499 63345    42894.8510  1570    55071.2000    38605.0779 26864575   29.90%
  74642 63444    54530.3802  1609    55071.2000    38605.4936 26913985   29.90%
  74752 63464    41383.1497  1744    55071.2000    38605.4936 26924746   29.90%
  74854 63485    44855.6554  1751    55071.2000    38606.8572 26935512   29.90%
Elapsed time = 9602.33 sec. (2221667.25 ticks, tree = 2667.22 MB, solutions = 10)
Nodefile size = 614.83 MB (593.34 MB after compression)
  75008 63830    53177.7704  1280    55071.2000    38609.5481 27057657   29.89%
  75192 64120    43925.8709  1596    55071.2000    38610.9310 27147225   29.89%
  75272 63877    44126.4905  1382    55071.2000    38610.9310 27081493   29.89%
  75370 64236    47455.6360  1358    55071.2000    38612.4376 27237491   29.89%
  75505 64484    43743.9278  1790    55071.2000    38613.9865 27323235   29.88%
  75646 64324    42667.7343  1523    55071.2000    38613.9865 27291851   29.88%
  75767 64341    45907.9009  1610    55071.2000    38615.1167 27303324   29.88%
  75884 64755    52743.9584  1436    55071.2000    38615.7876 27433200   29.88%
  75998 64602    52894.9879  1648    55071.2000    38615.9201 27368118   29.88%
  76110 64956    43256.1073  1552    55071.2000    38616.0439 27528855   29.88%
Elapsed time = 9794.27 sec. (2260027.37 ticks, tree = 2722.46 MB, solutions = 10)
Nodefile size = 667.79 MB (644.32 MB after compression)
  76261 64888    47960.3375  1526    55071.2000    38617.2978 27502211   29.88%
  76393 65034    42356.2968  1712    55071.2000    38617.4860 27551886   29.88%
  76508 65246    46740.8838  1661    55071.2000    38617.8268 27631277   29.88%
  76620 65368    48427.0991  1635    55071.2000    38617.9144 27676534   29.88%
  76723 65403    40022.5155  1811    55071.2000    38618.5702 27687070   29.88%
  76810 65690    40655.5767  1693    55071.2000    38619.3942 27808109   29.87%
  76890 65710    44331.1343  1442    55071.2000    38620.4500 27819661   29.87%
  76992 65651    48877.1967  1539    55071.2000    38620.5336 27795457   29.87%
  77079 65892    48207.2193  1592    55071.2000    38620.5336 27913707   29.87%
  77173 65913    54368.9917  1415    55071.2000    38621.1927 27924531   29.87%
Elapsed time = 9987.49 sec. (2298480.25 ticks, tree = 2777.88 MB, solutions = 10)
Nodefile size = 722.85 MB (697.54 MB after compression)
  77276 65996    43578.3669  1652    55071.2000    38626.2094 27965356   29.86%
  77392 66031    49732.6394  1422    55071.2000    38626.2823 27977195   29.86%
  77492 66267    46795.5504  1635    55071.2000    38626.2823 28102613   29.86%
  77614 66253    52976.5894  1641    55071.2000    38627.5701 28073893   29.86%
  77731 66274    41662.9413  1813    55071.2000    38628.0159 28084191   29.86%
  77837 66460    48542.1159  1547    55071.2000    38629.2718 28172055   29.86%
  77929 66492    43818.6215  1561    55071.2000    38629.2718 28183410   29.86%
  78069 66545    49262.5217  1550    55071.2000    38629.8770 28225028   29.85%
  78197 66911    43367.7350  1628    55071.2000    38629.9968 28378110   29.85%
  78337 66854    41394.7249  1707    55071.2000    38630.5628 28357866   29.85%
Elapsed time = 10183.55 sec. (2336957.08 ticks, tree = 2825.22 MB, solutions = 10)
Nodefile size = 767.47 MB (740.57 MB after compression)
  78489 67081    47529.2489  1261    55071.2000    38631.6053 28438910   29.85%
  78632 67250    54037.3655  1521    55071.2000    38632.0201 28516963   29.85%
  78731 67265    43709.1300  1630    55071.2000    38634.2312 28527534   29.85%
  78884 67392    42443.3734  1616    55071.2000    38634.7144 28575331   29.85%
  78985 67340    40967.3387  1507    55071.2000    38635.2027 28550293   29.84%
  79087 67553    47604.2404  1585    55071.2000    38636.2512 28635934   29.84%
  79196 67470    42539.1218  1658    55071.2000    38636.2512 28606639   29.84%
  79311 67721    51272.4582  1441    55071.2000    38637.5372 28703990   29.84%
  79458 68067    52521.9626  1416    55071.2000    38637.5372 28809679   29.84%
  79587 68115    42531.0536  1810    55071.2000    38641.1079 28821649   29.83%
Elapsed time = 10380.27 sec. (2375313.63 ticks, tree = 2895.11 MB, solutions = 10)
Nodefile size = 842.34 MB (812.98 MB after compression)
  79682 68159    49425.3000  1676    55071.2000    38641.1079 28874979   29.83%
  79819 68177    52582.1513  1543    55071.2000    38641.1079 28843523   29.83%
  79937 68227    46957.1575  1558    55071.2000    38641.1079 28897788   29.83%
  80057 68309    44235.3472  1632    55071.2000    38649.8783 28943010   29.82%
  80184 68413    51942.4805  1540    55071.2000    38651.6095 28981274   29.82%
  80282 68832    40538.5997  1683    55071.2000    38652.8250 29142791   29.81%
  80390 68727    39176.3499  1736    55071.2000    38653.7835 29084718   29.81%
  80521 68956    53750.6925  1513    55071.2000    38655.1027 29202389   29.81%
  80637 69095    46116.5925  1584    55071.2000    38655.1989 29254346   29.81%
  80781 69308    50521.1560  1552    55071.2000    38656.7634 29339604   29.81%
Elapsed time = 10577.27 sec. (2413735.88 ticks, tree = 2950.06 MB, solutions = 10)
Nodefile size = 896.97 MB (865.58 MB after compression)
  80916 69139    49433.7218  1318    55071.2000    38656.7634 29276965   29.81%
  81026 69471    41568.2732  1642    55071.2000    38656.8663 29399843   29.81%
  81125 69503    46370.6951  1581    55071.2000    38656.8663 29411545   29.81%
  81234 69530    41560.7051  1768    55071.2000    38658.8532 29422781   29.80%
  81350 69558    45441.5814  1740    55071.2000    38659.1192 29433608   29.80%
  81444 69842    54609.0010  1456    55071.2000    38665.1886 29563769   29.79%
  81565 70041    39002.4325  1645    55071.2000    38665.1886 29648743   29.79%
  81650 69879    46805.1965  1635    55071.2000    38665.7292 29585108   29.79%
  81762 70197    52150.6978  1476    55071.2000    38668.8224 29741025   29.78%
  81842 70134    41107.7225  1646    55071.2000    38668.8487 29684023   29.78%
Elapsed time = 10768.72 sec. (2452220.76 ticks, tree = 2987.26 MB, solutions = 10)
Nodefile size = 933.59 MB (901.10 MB after compression)
  81931 70183    46080.2391  1772    55071.2000    38669.1642 29725387   29.78%
  82000 70527    50081.0997  1597    55071.2000    38669.3115 29884683   29.78%
  82082 70344    51533.6396  1491    55071.2000    38671.3139 29819157   29.78%
  82177 70622    40729.3263  1585    55071.2000    38671.3139 29948919   29.78%
  82270 70686    44016.0375  1759    55071.2000    38673.8412 29992630   29.77%
  82381 70822    48244.9252  1626    55071.2000    38674.1804 30080482   29.77%
  82479 70852    42404.1430  1759    55071.2000    38674.1804 30091322   29.77%
  82575 70826    45018.8369  1713    55071.2000    38674.9505 30071535   29.77%
  82673 70900    50614.6545  1636    55071.2000    38675.0059 30112017   29.77%
  82793 71062    51856.5743  1556    55071.2000    38675.1131 30185245   29.77%
Elapsed time = 10961.94 sec. (2490843.62 ticks, tree = 3018.03 MB, solutions = 10)
Nodefile size = 962.84 MB (929.17 MB after compression)
  82894 71260    48510.1354  1459    55071.2000    38676.9368 30274274   29.77%
  83021 71371    47889.5803  1649    55071.2000    38679.1245 30316755   29.77%
  83157 71315    54862.0557  1351    55071.2000    38679.5900 30299348   29.76%
  83282 71527    54253.3686  1344    55071.2000    38681.1200 30375617   29.76%
  83406 71668    42205.0189  1514    55071.2000    38681.5229 30427231   29.76%
  83519 71576    45898.6577  1401    55071.2000    38682.3997 30401103   29.76%
  83626 71868    51317.4355  1422    55071.2000    38682.3997 30522384   29.76%
  83730 71891    40033.3695  1513    55071.2000    38686.6822 30533529   29.75%
  83835 71923    44935.7476  1482    55071.2000    38686.6822 30546005   29.75%
  83953 71961    55059.7987  1431    55071.2000    38686.9231 30557381   29.75%
Elapsed time = 11158.45 sec. (2529348.92 ticks, tree = 3072.01 MB, solutions = 10)
Nodefile size = 1012.23 MB (977.01 MB after compression)
  84117 72335    41513.1539  1674    55071.2000    38688.5034 30717456   29.75%
  84236 72455    43919.6702  1637    55071.2000    38689.0270 30764935   29.75%
  84375 72389    51717.5840  1405    55071.2000    38689.5840 30738966   29.75%
  84492 72726    44078.7070  1571    55071.2000    38690.4172 30868582   29.74%
  84602 72560    52041.7660  1109    55071.2000    38699.3477 30800586   29.73%
  84778 72665        cutoff          55071.2000    38699.3477 30852270   29.73%
  84908 72901    43833.4968  1547    55071.2000    38702.1520 30935522   29.72%
  85020 72938    50810.5146  1416    55071.2000    38702.9136 30947074   29.72%
  85139 73288    53047.4352  1535    55071.2000    38702.9136 31072848   29.72%
  85240 73425    52804.5429  1305    55071.2000    38702.9331 31122007   29.72%
Elapsed time = 11364.83 sec. (2567711.53 ticks, tree = 3160.89 MB, solutions = 10)
Nodefile size = 1105.82 MB (1067.75 MB after compression)
  85354 73507    53195.1796  1479    55071.2000    38704.7966 31168673   29.72%
  85471 73534    39474.2763  1575    55071.2000    38705.1610 31180772   29.72%
  85577 73505    49815.8376  1549    55071.2000    38707.7623 31156388   29.71%
  85665 73764    44936.2480  1692    55071.2000    38707.7646 31277196   29.71%
  85800 73973    53038.3487  1486    55071.2000    38710.9190 31362589   29.71%
  85903 74072    46003.1568  1467    55071.2000    38713.1671 31415890   29.70%
  86027 73911    51132.0519  1595    55071.2000    38714.9090 31340276   29.70%
  86179 74218    51339.1176  1531    55071.2000    38714.9090 31471790   29.70%
  86282 74148    43548.8891  1832    55071.2000    38718.2524 31447907   29.69%
  86407 74335    54340.4850  1448    55071.2000    38720.1184 31519260   29.69%
Elapsed time = 11567.38 sec. (2606145.66 ticks, tree = 3216.37 MB, solutions = 10)
Nodefile size = 1159.89 MB (1120.15 MB after compression)
  86531 74298    41648.5767  1539    55071.2000    38720.2461 31507388   29.69%
  86622 74605    41455.7038  1725    55071.2000    38721.4174 31619849   29.69%
  86716 74628    45580.9594  1596    55071.2000    38721.4687 31630511   29.69%
  86842 74749    42389.6424  1840    55071.2000    38721.5781 31680448   29.69%
  86923 74932    44034.9196  1479    55071.2000    38721.6506 31762212   29.69%
  87026 74957    48417.8519  1435    55071.2000    38723.0693 31774567   29.69%
  87162 75093    52199.4883  1566    55071.2000    38723.0693 31821485   29.69%
  87266 75208    47164.9038  1513    55071.2000    38724.8419 31869167   29.68%
  87385 75452    48281.5243  1429    55071.2000    38725.3396 31999493   29.68%
  87508 75478    49778.3894  1337    55071.2000    38725.3396 32011761   29.68%
Elapsed time = 11759.53 sec. (2644580.68 ticks, tree = 3263.01 MB, solutions = 10)
Nodefile size = 1208.55 MB (1167.11 MB after compression)
  87613 75429    41378.0067  1668    55071.2000    38726.8207 31978871   29.68%
  87710 75614    38957.3346  1461    55071.2000    38727.3465 32069616   29.68%
  87814 75554    49494.8013  1582    55071.2000    38727.3743 32048177   29.68%
  87898 75865    41373.9986  1670    55071.2000    38729.8267 32167523   29.67%
  87995 75985    40793.1685  1416    55071.2000    38730.6849 32220490   29.67%
  88130 76052    51632.3362   997    55071.2000    38730.6849 32233641   29.67%
  88329 75946    40125.1511  1509    55071.2000    38733.3550 32200654   29.67%
  88436 76286    43864.8137  1518    55071.2000    38737.8348 32369602   29.66%
  88558 76318    50019.4600  1448    55071.2000    38737.8348 32380733   29.66%
  88692 76547    53376.3751  1449    55071.2000    38738.4187 32434252   29.66%
Elapsed time = 11953.42 sec. (2683059.41 ticks, tree = 3295.22 MB, solutions = 10)
Nodefile size = 1237.94 MB (1195.15 MB after compression)
  88793 76583    41076.9806  1622    55071.2000    38738.8798 32446137   29.66%
  88905 76746    51829.4775  1289    55071.2000    38740.6038 32521894   29.65%
  89023 76689    42175.2819  1674    55071.2000    38741.3231 32497551   29.65%
  89123 76981    42003.3250  1592    55071.2000    38747.4481 32615886   29.64%
  89238 76892    41605.1939  1496    55071.2000    38747.4481 32583729   29.64%
  89352 76912    44692.6526  1543    55071.2000    38747.8298 32595532   29.64%
  89474 77409    52575.2755  1456    55071.2000    38748.5452 32796428   29.64%
  89620 77308    53371.6267  1458    55071.2000    38748.5452 32736578   29.64%
  89708 77554    46854.1224  1538    55071.2000    38748.9534 32857790   29.64%
  89817 77481    51333.5362  1670    55071.2000    38749.4754 32829764   29.64%
Elapsed time = 12154.89 sec. (2721481.57 ticks, tree = 3351.70 MB, solutions = 10)
Nodefile size = 1293.49 MB (1249.18 MB after compression)
  89973 77816    44947.5403  1664    55071.2000    38749.5579 32952861   29.64%
  90105 77655    52405.3054  1404    55071.2000    38749.7164 32888975   29.64%
  90220 77794    49517.0503  1489    55071.2000    38751.1329 32941428   29.63%
  90345 78072    48181.5291  1426    55071.2000    38751.1329 33063294   29.63%
  90477 77955    54063.2541  1390    55071.2000    38751.3163 32999859   29.63%
  90568 78204    44130.3541  1461    55071.2000    38757.1858 33120898   29.62%
  90663 78171    47040.7453  1678    55071.2000    38757.1858 33098906   29.62%
  90795 78653    54182.1648  1367    55071.2000    38758.9739 33265559   29.62%
  90947 78425    53284.7439  1438    55071.2000    38761.1295 33199105   29.62%
  91052 78704    44353.1615  1493    55071.2000    38765.8732 33287725   29.61%
Elapsed time = 12343.74 sec. (2759803.93 ticks, tree = 3391.90 MB, solutions = 10)
Nodefile size = 1338.72 MB (1292.81 MB after compression)
  91163 78775    40855.6356  1455    55071.2000    38765.8977 33335275   29.61%
  91292 78878    42399.5082  1453    55071.2000    38766.1848 33389800   29.61%
  91452 78912    50521.5681  1388    55071.2000    38766.1848 33401988   29.61%
  91580 79269    46388.1463  1620    55071.2000    38766.3447 33528284   29.61%
  91692 79298    55032.9713  1639    55071.2000    38768.9284 33539401   29.60%
  91820 79547    43128.5327  1528    55071.2000    38770.1173 33637680   29.60%
  91940 79649    40994.5531  1343    55071.2000    38774.7580 33681145   29.59%
  92054 79602    44678.7182  1658    55071.2000    38777.0180 33660272   29.59%
  92164 79717    41414.2862  1423    55071.2000    38779.0021 33706888   29.58%
  92280 79819    48954.4527  1124    55071.2000    38779.0021 33750187   29.58%
Elapsed time = 12545.64 sec. (2798164.63 ticks, tree = 3449.75 MB, solutions = 10)
Nodefile size = 1392.79 MB (1345.09 MB after compression)
  92388 79771    40124.7841  1786    55071.2000    38779.0021 33733183   29.58%
  92443 79939    44483.7617  1302    55071.2000    38779.0021 33808393   29.58%
  92479 79969    50719.4943  1302    55071.2000    38779.0021 33820989   29.58%

Performing restart 2

Repeating presolve.
Tried aggregator 1 time.
Reduced MIP has 3130 rows, 4852 columns, and 15904 nonzeros.
Reduced MIP has 3412 binaries, 1440 generals, 0 SOSs, and 0 indicators.
Presolve time = 0.34 sec. (8.53 ticks)
Tried aggregator 1 time.
Reduced MIP has 3130 rows, 4852 columns, and 15904 nonzeros.
Reduced MIP has 3412 binaries, 1440 generals, 0 SOSs, and 0 indicators.
Presolve time = 0.03 sec. (10.74 ticks)
Represolve time = 101.19 sec. (352.62 ticks)
  92490     0    36897.9269  1849    55071.2000     Cuts: 393 34008839   29.58%
  92490     0    36996.5790  1542    55071.2000     Cuts: 142 34009749   29.58%
  92490     0    37008.6443  1554    55071.2000     Cuts: 882 34010150   29.58%
  92490     0    37042.5924  1543    55071.2000     Cuts: 882 34010921   29.58%
  92490     0    37047.0938  1575    55071.2000     Cuts: 882 34011287   29.58%
  92490     0    37056.3085  1589    55071.2000     Cuts: 882 34011897   29.58%
  92490     0    37079.1561  1532    55071.2000     Cuts: 882 34012278   29.58%
  92490     0    37098.0887  1576    55071.2000     Cuts: 882 34012662   29.58%
  92490     0    37187.4264  1572    55071.2000     Cuts: 882 34013427   29.58%
  92490     2    37187.4264  1523    55071.2000    38781.1941 34013427   29.58%
  92546    47    38442.3578  1358    55071.2000    38781.1941 34047098   29.58%
  92747   217    46523.9715  1144    55071.2000    38781.1941 34104198   29.58%
  93076   507    41402.2779  1267    55071.2000    38781.1941 34161129   29.58%
  93458   883    51928.1629  1212    55071.2000    38781.1941 34226117   29.58%
  93860  1272    47988.5459   903    55071.2000    38781.1941 34291899   29.58%
  94183  1570    41645.8071  1140    55071.2000    38781.1941 34352856   29.58%
Elapsed time = 12800.12 sec. (2849137.61 ticks, tree = 48.53 MB, solutions = 10)
  94537  1906    40229.3075  1393    55071.2000    38781.1941 34412117   29.58%
  94835  2197    51772.4322  1073    55071.2000    38781.1941 34466593   29.58%
  95108  2501    38645.1268  1382    55071.2000    38781.1941 34530804   29.58%
  95344  2719    46655.0823  1160    55071.2000    38781.1941 34588321   29.58%
  95567  2930    39607.5864  1328    55071.2000    38781.1941 34648668   29.58%
  95923  3245    40336.9616  1332    55071.2000    38781.1941 34708757   29.58%
  96224  3475    44274.5822  1203    55071.2000    38781.1941 34751778   29.58%
  96515  3743    41777.2464  1413    55071.2000    38781.1941 34814887   29.58%
  96726  3975    43779.4344  1499    55071.2000    38781.1941 34881110   29.58%
  97151  4270    49374.2844  1326    55071.2000    38781.1941 34943436   29.58%
Elapsed time = 12927.75 sec. (2887381.85 ticks, tree = 116.84 MB, solutions = 10)
  97377  4656    40091.8376  1354    55071.2000    38781.1941 35016575   29.58%
  97612  4852    47718.2263  1272    55071.2000    38781.1941 35067030   29.58%
  97886  5081    45452.1600  1429    55071.2000    38781.1941 35113983   29.58%
  98057  5277    50076.8885  1325    55071.2000    38781.1941 35163832   29.58%
  98173  5414    43081.9645  1531    55071.2000    38781.1941 35196892   29.58%
  98331  5571    47461.2919  1391    55071.2000    38781.1941 35235691   29.58%
  98550  5694    52050.2411  1370    55071.2000    38781.1941 35270547   29.58%
  98797  5917    40914.3542  1473    55071.2000    38781.1941 35324442   29.58%
  99021  6112    48996.3785  1532    55071.2000    38781.1941 35375614   29.58%
  99181  6332    39350.4409  1434    55071.2000    38781.1941 35428009   29.58%
Elapsed time = 13056.78 sec. (2925745.87 ticks, tree = 173.05 MB, solutions = 10)
  99252  6437    45922.7173  1463    55071.2000    38781.1941 35453947   29.58%
  99422  6555    40521.9854  1633    55071.2000    38781.1941 35495270   29.58%
  99664  6691    54692.0641  1342    55071.2000    38781.1941 35513348   29.58%
  99888  6928    43916.4938  1547    55071.2000    38781.1941 35582210   29.58%
 100042  7171    47653.3668  1423    55071.2000    38781.1941 35655772   29.58%
 100266  7217    39569.7104  1602    55071.2000    38781.1941 35672128   29.58%
 100406  7482    48932.9234  1448    55071.2000    38781.1941 35757375   29.58%
 100667  7647    41048.8499  1463    55071.2000    38781.1941 35808091   29.58%
 100932  7903    40815.8574  1524    55071.2000    38781.1941 35871225   29.58%
 101174  8090    48901.3006  1383    55071.2000    38781.1941 35924299   29.58%
Elapsed time = 13186.99 sec. (2963974.17 ticks, tree = 229.20 MB, solutions = 10)
 101471  8437    46558.9009  1425    55071.2000    38781.1941 35998171   29.58%
 101664  8509    50087.1599  1574    55071.2000    38781.1941 36013449   29.58%
 101859  8718    46748.3625  1589    55071.2000    38781.1941 36074074   29.58%
 101994  8852    42761.5813  1376    55071.2000    38781.1941 36127411   29.58%
 102178  9039    49693.0357  1226    55071.2000    38781.1941 36180125   29.58%
 102339  9136    48162.1921  1496    55071.2000    38781.1941 36222958   29.58%
 102483  9335    45865.0209  1541    55071.2000    38781.1941 36291317   29.58%
 102619  9539    48627.9212  1309    55071.2000    38781.1941 36364591   29.58%
 102736  9580    48501.1129  1239    55071.2000    38781.1941 36383865   29.58%
 102940  9826    51324.5532  1347    55071.2000    38781.1941 36462110   29.58%
Elapsed time = 13320.19 sec. (3002409.22 ticks, tree = 276.73 MB, solutions = 10)
 103045  9869    45708.7702  1400    55071.2000    38781.1941 36488943   29.58%
 103145  9948    44084.4672  1456    55071.2000    38781.1941 36528999   29.58%
 103290  9993    47358.3820  1338    55071.2000    38781.1941 36544725   29.58%
 103458 10200    49361.0777  1336    55071.2000    38781.1941 36602708   29.58%
*103576+10185                        54751.7400    38781.1941            29.17%
 103576 10187    53586.7324  1274    54751.7400    38781.1941 36592814   29.17%
 103711 10320    46358.0399  1485    54751.7400    38781.1941 36665989   29.17%
 103926 10476    46582.9795  1450    54751.7400    38781.1941 36716032   29.17%
 104243 10847    42592.3837  1433    54751.7400    38781.1941 36820028   29.17%
 104403 11071    40994.3455  1632    54751.7400    38781.1941 36872850   29.17%
 104555 11165    47875.8427  1415    54751.7400    38781.1941 36905345   29.17%
Elapsed time = 13451.78 sec. (3041140.42 ticks, tree = 314.16 MB, solutions = 11)
 104680 11233    49267.8714  1160    54751.7400    38781.1941 36940134   29.17%
 104823 11423    50391.7348  1326    54751.7400    38781.1941 37009955   29.17%
 104972 11501    48028.0616  1321    54751.7400    38781.1941 37059952   29.17%
 105066 11635    44328.9289  1263    54751.7400    38781.1941 37111507   29.17%
 105156 11752    53582.5198  1251    54751.7400    38781.1941 37148728   29.17%
 105329 11828    45081.9587  1594    54751.7400    38781.1941 37183840   29.17%
 105493 11975    42713.1655  1470    54751.7400    38781.1941 37241905   29.17%
 105640 12076    47155.4851  1545    54751.7400    38781.1941 37284164   29.17%
 105849 12237        cutoff          54751.7400    38781.1941 37333883   29.17%
 105980 12352    45665.4950  1469    54751.7400    38781.1941 37387638   29.17%
Elapsed time = 13589.81 sec. (3079523.33 ticks, tree = 360.55 MB, solutions = 11)
 106063 12549    52310.2025  1396    54751.7400    38781.1941 37452825   29.17%
 106197 12586    45175.6985  1533    54751.7400    38781.1941 37467118   29.17%
 106273 12727    40975.2815  1469    54751.7400    38798.6655 37530707   29.14%
 106360 12842    49774.3559  1142    54751.7400    38798.6655 37583349   29.14%
 106422 12966    46349.3777  1525    54751.7400    38799.1958 37646681   29.14%
 106530 13030    51649.8836  1311    54751.7400    38799.1958 37660306   29.14%
 106640 13115    50602.6216  1193    54751.7400    38804.4715 37693900   29.13%
 106724 13168    50340.5824  1420    54751.7400    38814.3688 37719624   29.11%
 106837 13230    39162.5730  1599    54751.7400    38829.6170 37747983   29.08%
 106913 13359    43284.4541  1455    54751.7400    38829.6170 37792886   29.08%
Elapsed time = 13727.34 sec. (3118196.19 ticks, tree = 393.04 MB, solutions = 11)
 107012 13393    52491.0145  1359    54751.7400    38829.6170 37807384   29.08%
 107216 13473    43247.4768  1559    54751.7400    38835.8122 37834147   29.07%
 107272 13649    48318.7996  1478    54751.7400    38838.2309 37874828   29.06%
 107311 13622    45175.5303  1548    54751.7400    38838.2309 37877198   29.06%
 107490 13764    45776.9009  1454    54751.7400    38838.2309 37911952   29.06%
 107622 13924    50684.0734  1379    54751.7400    38850.9441 37950312   29.04%
 107767 13962    47114.8647  1421    54751.7400    38850.9441 37964428   29.04%
 107871 14229    51446.2053   923    54751.7400    38866.2878 38048542   29.01%
 107984 14325    46483.2411  1251    54751.7400    38866.2878 38112347   29.01%
 108052 14496    53882.9555  1331    54751.7400    38866.2878 38190731   29.01%
Elapsed time = 13864.91 sec. (3156547.61 ticks, tree = 434.05 MB, solutions = 11)
 108155 14463    42489.2853  1606    54751.7400    38866.2878 38159008   29.01%
 108293 14566    53788.3756  1371    54751.7400    38866.2878 38214165   29.01%
 108424 14637    52989.8659  1145    54751.7400    38866.2878 38248392   29.01%
 108547 14852    54722.5089  1324    54751.7400    38866.2878 38338699   29.01%
 108610 14929    52551.7247  1254    54751.7400    38911.2975 38356762   28.93%
 108713 14988    45563.8347  1386    54751.7400    38911.2975 38381744   28.93%
 108845 15048    54142.6598  1301    54751.7400    38911.2975 38396394   28.93%
 108966 15137    43632.6496  1539    54751.7400    38922.4470 38442815   28.91%
 109115 15099    43495.8960  1384    54751.7400    38922.4470 38431514   28.91%
 109235 15481    41999.6435  1647    54751.7400    38939.9950 38578364   28.88%
Elapsed time = 14005.20 sec. (3194859.16 ticks, tree = 464.16 MB, solutions = 11)
 109344 15513    47451.7973  1425    54751.7400    38941.1397 38591092   28.88%
 109500 15672    47941.9300  1209    54751.7400    38951.3445 38650454   28.86%
 109606 15780    48751.2784  1519    54751.7400    38951.3445 38699902   28.86%
 109729 15938    49537.7078  1244    54751.7400    38959.7378 38747336   28.84%
 109846 15918    47263.6078  1599    54751.7400    38959.7378 38750832   28.84%
 109982 16123    41941.5559  1593    54751.7400    38959.7378 38829957   28.84%
 110082 16093    45491.0110  1610    54751.7400    38973.5198 38819698   28.82%
 110136 16157    50261.7863  1406    54751.7400    38974.7584 38843580   28.82%
 110194 16372    46819.3433  1492    54751.7400    38991.1876 38937366   28.79%
 110343 16450    51575.9552  1367    54751.7400    38991.1876 38960355   28.79%
Elapsed time = 14143.83 sec. (3233243.30 ticks, tree = 503.38 MB, solutions = 11)
 110446 16448    53771.5106  1475    54751.7400    38991.1876 38966442   28.79%
 110557 16664    52858.6932  1341    54751.7400    38991.9735 39042413   28.78%
 110676 16742    51416.1295  1373    54751.7400    39002.4371 39085103   28.76%
 110841 16836    46311.9568  1532    54751.7400    39004.4922 39140807   28.76%
 110959 17035    47909.1731  1476    54751.7400    39016.1833 39208807   28.74%
 111090 16902    47990.4692  1596    54751.7400    39016.1833 39169435   28.74%
 111219 17295    48101.5698  1410    54751.7400    39025.1390 39337674   28.72%
*111318+17185                        54167.3800    39025.1390            27.95%
 111321 17187    41194.5796  1443    54167.3800    39025.1390 39288146   27.95%
 111421 17336    52362.6015  1465    54167.3800    39025.1390 39346114   27.95%
 111524 16981    48460.7294  1338    54167.3800    39025.1390 39416585   27.95%
Elapsed time = 14287.52 sec. (3271717.40 ticks, tree = 526.17 MB, solutions = 12)
*111544+17006                        53614.1400    39025.1390            27.21%
 111643 16545    45397.7856  1465    53614.1400    39054.1707 39453545   27.16%
*111661+16602                        53240.7100    39054.1707            26.65%
*111661+16602                        53151.4200    39054.1707            26.52%
 111743 16697    44191.2623  1312    53151.4200    39054.1707 39527598   26.52%
 111780 16707    44007.6652  1680    53151.4200    39055.4127 39541120   26.52%
 111968 16287    41350.3794  1324    53151.4200    39057.3929 39580424   26.52%
 112085 16232    44291.9988  1650    53151.4200    39057.3929 39572633   26.52%
 112165 16641    42539.7901  1672    53151.4200    39072.7287 39743286   26.49%
 112262 16677    52627.5789  1529    53151.4200    39072.7287 39757006   26.49%

GUB cover cuts applied:  213
Cover cuts applied:  11
Implied bound cuts applied:  219
Flow cuts applied:  144
Mixed integer rounding cuts applied:  1889
Zero-half cuts applied:  182
Lift and project cuts applied:  67
Gomory fractional cuts applied:  11

Root node processing (before b&c):
  Real time             =   24.12 sec. (8017.00 ticks)
Parallel b&c, 4 threads:
  Real time             = 14376.06 sec. (3293960.79 ticks)
  Sync time (average)   =  525.04 sec.
  Wait time (average)   =    0.09 sec.
                          ------------
Total (root+branch&cut) = 14400.19 sec. (3301977.79 ticks)
