Version identifier: 22.1.1.0 | 2022-11-27 | 9160aff4d
CPXPARAM_Read_DataCheck                          1
CPXPARAM_TimeLimit                               14400
1 of 1 MIP starts provided solutions.
MIP start 'm1' defined initial solution with objective 143907.4500.
Tried aggregator 7 times.
MIP Presolve eliminated 8725 rows and 14234 columns.
MIP Presolve modified 23172 coefficients.
Aggregator did 1303 substitutions.
Reduced MIP has 13232 rows, 18563 columns, and 65258 nonzeros.
Reduced MIP has 12543 binaries, 6020 generals, 0 SOSs, and 0 indicators.
Presolve time = 0.50 sec. (163.05 ticks)
Probing time = 0.09 sec. (6.53 ticks)
Tried aggregator 6 times.
MIP Presolve eliminated 1759 rows and 2288 columns.
MIP Presolve modified 144 coefficients.
Aggregator did 1037 substitutions.
Reduced MIP has 10436 rows, 15238 columns, and 52660 nonzeros.
Reduced MIP has 9538 binaries, 5700 generals, 0 SOSs, and 0 indicators.
Presolve time = 0.23 sec. (98.82 ticks)
Probing time = 0.09 sec. (5.19 ticks)
Tried aggregator 4 times.
Detecting symmetries...
MIP Presolve eliminated 1146 rows and 961 columns.
MIP Presolve modified 191 coefficients.
Aggregator did 579 substitutions.
Reduced MIP has 8711 rows, 13698 columns, and 46697 nonzeros.
Reduced MIP has 7998 binaries, 5700 generals, 0 SOSs, and 0 indicators.
Presolve time = 0.14 sec. (64.30 ticks)
Probing time = 0.05 sec. (5.39 ticks)
Clique table members: 14110.
MIP emphasis: balance optimality and feasibility.
MIP search method: dynamic search.
Parallel mode: deterministic, using up to 4 threads.
Root relaxation solution time = 0.91 sec. (315.37 ticks)

        Nodes                                         Cuts/
   Node  Left     Objective  IInf  Best Integer    Best Bound    ItCnt     Gap

*     0+    0                       143907.4500        0.0000           100.00%
      0     0    24093.9720   828   143907.4500    24093.9720       18   83.26%
*     0+    0                       141786.9500    24093.9720            83.01%
      0     0    43657.3656  1495   141786.9500    Cuts: 1331     3992   69.21%
      0     0    51104.0988  1830   141786.9500    Cuts: 1018     7005   63.96%
      0     0    54666.3149  2124   141786.9500     Cuts: 715     9252   61.44%
      0     0    56230.2667  2649   141786.9500     Cuts: 539    11231   60.34%
*     0+    0                       141650.7000    56230.2667            60.30%
      0     0    57239.5031  2744   141650.7000     Cuts: 352    12978   59.59%
Detecting symmetries...
      0     0    57955.5124  2941   141650.7000     Cuts: 315    14719   59.09%
      0     0    58489.5189  2985   141650.7000     Cuts: 242    15994   58.71%
      0     0    58772.7692  3131   141650.7000     Cuts: 229    17196   58.51%
      0     0    59242.9011  2959   141650.7000     Cuts: 220    18499   58.18%
      0     0    59532.1088  3211   141650.7000     Cuts: 197    19744   57.97%
      0     0    59905.5862  3099   141650.7000     Cuts: 177    20872   57.71%
      0     0    60164.9181  3155   141650.7000     Cuts: 155    21714   57.53%
      0     0    60367.9162  3145   141650.7000     Cuts: 156    22793   57.38%
      0     0    60521.1515  3340   141650.7000     Cuts: 176    23836   57.27%
      0     0    60600.8683  3371   141650.7000     Cuts: 149    24541   57.22%
      0     0    60673.2277  3448   141650.7000     Cuts: 100    25237   57.17%
      0     0    60704.8599  3372   141650.7000      Cuts: 98    25754   57.14%
      0     0    60763.9413  3393   141650.7000      Cuts: 70    26341   57.10%
*     0+    0                       137809.4800    60763.9413            55.91%
      0     0    60808.8901  3349   137809.4800      Cuts: 91    26906   55.87%
*     0+    0                       136339.3900    60808.8901            55.40%
      0     0  -1.00000e+75     0   136339.3900    60808.8901    26906   55.40%
      0     0    60907.8833  3519   136339.3900     Cuts: 113    27794   55.33%
      0     0    62408.3555  3421   136339.3900     Cuts: 247    31241   54.23%
      0     0    63178.8878  3538   136339.3900     Cuts: 340    33518   53.66%
      0     0    63403.9636  3535   136339.3900     Cuts: 260    34973   53.50%
*     0+    0                       135915.7500    63403.9636            53.35%
      0     0    63550.5281  3560   135915.7500     Cuts: 210    36581   53.24%
      0     0    63641.5181  3609   135915.7500     Cuts: 146    37595   53.18%
      0     0    63676.4118  3623   135915.7500      Cuts: 92    38135   53.15%
      0     0    63745.3026  3614   135915.7500     Cuts: 116    38894   53.10%
      0     0    63815.5296  3559   135915.7500      Cuts: 91    39711   53.05%
      0     0    63845.6527  3679   135915.7500      Cuts: 78    40232   53.03%
      0     0    63899.1645  3655   135915.7500      Cuts: 73    40756   52.99%
      0     0    63920.0221  3689   135915.7500      Cuts: 63    41293   52.97%
      0     0    63927.7301  3729   135915.7500      Cuts: 74    41721   52.97%
      0     0    63937.8312  3680   135915.7500      Cuts: 62    42147   52.96%
      0     0    63943.6891  3689   135915.7500      Cuts: 67    42366   52.95%
Detecting symmetries...
      0     2    63943.6891  3640   135915.7500    63943.6891    42366   52.95%
Elapsed time = 159.00 sec. (40069.77 ticks, tree = 0.02 MB, solutions = 6)
      1     3    66517.7525  3363   135915.7500    63943.7461    44790   52.95%
      2     4    67397.4674  3269   135915.7500    63943.7461    45291   52.95%
      4     6    67435.7976  3226   135915.7500    63943.7461    45814   52.95%
      7     8    67810.9750  3274   135915.7500    63943.7461    46322   52.95%
     11    13    67707.6076  3331   135915.7500    64054.0526    47364   52.87%
     13    15    67776.7077  3274   135915.7500    64054.0526    47819   52.87%
     17    19    67940.2826  3279   135915.7500    64054.0526    48395   52.87%
     21    22    67974.4967  3250   135915.7500    64054.0526    48941   52.87%
     26    27    67995.1951  3205   135915.7500    64054.0526    51700   52.87%
     35    34    69239.1624  3044   135915.7500    64054.0526    56276   52.87%
Elapsed time = 175.67 sec. (44911.22 ticks, tree = 1.20 MB, solutions = 6)
     48    44    70570.1448  2868   135915.7500    64054.0526    62182   52.87%
     67    54    70800.3044  2820   135915.7500    64054.0526    67874   52.87%
     78    68    70861.1570  2847   135915.7500    64054.0526    73501   52.87%
     93    87    68846.1613  2928   135915.7500    64054.0526    82052   52.87%
    110    92    71206.7693  2957   135915.7500    64054.0526    85947   52.87%
    126   109    69148.0898  2981   135915.7500    64054.0526    91970   52.87%
    139   134    67199.7940  3154   135915.7500    64054.0526   104252   52.87%
    148   121    70098.0277  2833   135915.7500    64054.0526   103469   52.87%
    158   146    70453.6610  2710   135915.7500    64054.0526   114385   52.87%
    171   159    67423.9004  3168   135915.7500    64054.0526   122312   52.87%
Elapsed time = 216.56 sec. (55035.63 ticks, tree = 4.94 MB, solutions = 6)
    188   168    70687.8910  2677   135915.7500    64054.0526   133293   52.87%
    203   185    70808.9245  2697   135915.7500    64054.0526   137160   52.87%
    219   192    67883.0021  3057   135915.7500    64054.0526   138537   52.87%
    237   220    68109.6938  2939   135915.7500    64054.0526   144837   52.87%
    248   220    73972.0344  2484   135915.7500    64054.0526   144606   52.87%
    250   176    71571.9364  2782   135915.7500    64054.0526   136030   52.87%
    275   236    71760.2999  2794   135915.7500    64054.0526   148288   52.87%
    306   268    74855.0779  2447   135915.7500    64054.0526   154080   52.87%
    322   287    75187.0913  2316   135915.7500    64054.0526   160276   52.87%
    355   271    71861.0473  3145   135915.7500    64054.0526   156462   52.87%
Elapsed time = 259.28 sec. (65071.52 ticks, tree = 13.02 MB, solutions = 6)
    382   279    72290.2996  3173   135915.7500    64054.0526   158240   52.87%
    398   357    73645.7256  2552   135915.7500    64054.0526   175503   52.87%
    424   391    78787.9897  2310   135915.7500    64054.0526   183018   52.87%
    453   406    70616.5104  2810   135915.7500    64054.0526   188688   52.87%
    473   412    78093.9184  2647   135915.7500    64054.0526   190622   52.87%
    489   446    80737.6268  2101   135915.7500    64054.0526   203493   52.87%
    504   459    70431.0322  2795   135915.7500    64054.0526   210496   52.87%
    514   472    75172.6275  2302   135915.7500    64054.0526   214885   52.87%
    533   479    76391.4897  2303   135915.7500    64054.0526   216787   52.87%
    550   529    75885.2705  2365   135915.7500    64054.0526   237225   52.87%
Elapsed time = 300.88 sec. (75057.66 ticks, tree = 31.31 MB, solutions = 6)
    564   514    74845.3509  2528   135915.7500    64054.0526   234970   52.87%
    589   550    83794.9503  2537   135915.7500    64054.0526   246894   52.87%
    625   588    85220.9655  2603   135915.7500    64054.0526   267990   52.87%
    653   561    71118.9928  2811   135915.7500    64054.0526   258080   52.87%
    685   606    87802.8665  2674   135915.7500    64054.0526   272297   52.87%
    719   621    74134.7954  2601   135915.7500    64054.0526   280160   52.87%
    756   658    99569.4981  2383   135915.7500    64054.0526   287365   52.87%
    790   693    93560.7308  2140   135915.7500    64054.0526   292257   52.87%
    810   723   123112.7540  1713   135915.7500    64054.0526   303267   52.87%
    831   774   114929.9496  2233   135915.7500    64054.0526   319184   52.87%
Elapsed time = 343.67 sec. (84866.77 ticks, tree = 49.95 MB, solutions = 6)
    850   800   125867.8934  1679   135915.7500    64054.0526   328247   52.87%
    867   808   130640.3106  1637   135915.7500    64054.0526   331057   52.87%
    889   848   109822.1673  2034   135915.7500    64054.0526   346778   52.87%
    907   856   115254.9666  2081   135915.7500    64054.0526   349246   52.87%
    937   876   130395.2812  1812   135915.7500    64054.0526   353620   52.87%
    975   914   118318.4296  1798   135915.7500    64054.0526   367757   52.87%
   1003   925   120505.7647  1712   135915.7500    64054.0526   370499   52.87%
   1033   952   109696.7483  2423   135915.7500    64054.0526   374623   52.87%
   1059   987   132050.8955  1601   135915.7500    64054.0526   387081   52.87%
   1098  1005   134456.7730  1455   135915.7500    64054.0526   389807   52.87%
Elapsed time = 385.38 sec. (94651.37 ticks, tree = 69.39 MB, solutions = 6)
   1121  1037   118080.9958  2132   135915.7500    64054.0526   394266   52.87%
   1138  1047   119603.1614  2024   135915.7500    64054.0526   396488   52.87%
   1145  1093   122456.6812  1984   135915.7500    64054.0526   415842   52.87%
   1156  1101   131274.1942  1909   135915.7500    64054.0526   419034   52.87%
   1166  1104   132011.5897  1918   135915.7500    64054.0526   422135   52.87%
   1168  1099    67493.3032  3195   135915.7500    64054.0526   423439   52.87%

Performing restart 1

Repeating presolve.
Tried aggregator 1 time.
Reduced MIP has 8711 rows, 13698 columns, and 46697 nonzeros.
Reduced MIP has 7998 binaries, 5700 generals, 0 SOSs, and 0 indicators.
Presolve time = 0.05 sec. (24.04 ticks)
Tried aggregator 1 time.
Reduced MIP has 8711 rows, 13698 columns, and 46697 nonzeros.
Reduced MIP has 7998 binaries, 5700 generals, 0 SOSs, and 0 indicators.
Presolve time = 0.06 sec. (30.58 ticks)
Represolve time = 0.38 sec. (124.55 ticks)
   1170     0    68073.3528  3436   135915.7500    Cuts: 2277   469859   49.92%
   1170     0    69668.8195  3762   135915.7500    Cuts: 2277   474579   48.74%
   1170     0    71077.2852  3810   135915.7500    Cuts: 2277   478964   47.70%
   1170     0    72437.3424  3877   135915.7500    Cuts: 2277   484118   46.70%
   1170     0    73501.3195  3990   135915.7500    Cuts: 2277   488871   45.92%
   1170     0    74582.1378  3881   135915.7500    Cuts: 2277   493538   45.13%
   1170     0    75604.5074  3591   135915.7500    Cuts: 2277   497736   44.37%
   1170     0    76261.2897  3714   135915.7500    Cuts: 2277   501778   43.89%
   1170     0    76788.6858  3847   135915.7500    Cuts: 2277   505209   43.50%
   1170     0    77519.0479  3988   135915.7500    Cuts: 2277   508818   42.97%
   1170     0    78021.4523  4068   135915.7500    Cuts: 2277   512576   42.60%
   1170     0    78522.9850  3830   135915.7500    Cuts: 2277   516010   42.23%
   1170     0    79115.6206  4101   135915.7500    Cuts: 2277   520019   41.79%
   1170     0    79306.7209  3933   135915.7500    Cuts: 2277   522516   41.65%
   1170     0    79636.8773  3870   135915.7500    Cuts: 2277   525945   41.41%
   1170     0    79854.2966  4145   135915.7500    Cuts: 2277   529154   41.25%
   1170     0    80187.9617  4139   135915.7500    Cuts: 2277   532855   41.00%
   1170     0    80441.4598  4161   135915.7500    Cuts: 2277   536246   40.82%
   1170     0    80649.5098  4200   135915.7500    Cuts: 2277   538809   40.66%
   1170     0    80841.5108  4208   135915.7500    Cuts: 2277   541811   40.52%
   1170     0    81053.2173  4192   135915.7500    Cuts: 2277   544563   40.37%
   1170     0    81211.6950  4247   135915.7500    Cuts: 2277   547595   40.25%
   1170     0    81382.0246  4270   135915.7500    Cuts: 2277   550224   40.12%
   1170     0    81554.4270  4315   135915.7500    Cuts: 2277   552809   40.00%
   1170     0    81705.6433  4274   135915.7500    Cuts: 2277   555355   39.89%
   1170     0    81930.8903  4189   135915.7500    Cuts: 2277   558116   39.72%
   1170     0    82088.2670  4238   135915.7500    Cuts: 2277   560613   39.60%
   1170     0    82242.6323  4241   135915.7500    Cuts: 2277   563411   39.49%
   1170     0    82443.1042  4242   135915.7500    Cuts: 2277   566245   39.34%
   1170     0    82589.1830  4126   135915.7500    Cuts: 2277   569203   39.24%
   1170     0    82860.1262  4030   135915.7500    Cuts: 2277   571914   39.04%
   1170     0    82987.0957  4191   135915.7500    Cuts: 2277   574408   38.94%
   1170     0    83099.4677  4176   135915.7500    Cuts: 2277   576739   38.86%
   1170     0    83202.0949  4219   135915.7500    Cuts: 2277   578900   38.78%
   1170     0    83270.2439  4097   135915.7500    Cuts: 2277   581125   38.73%
   1170     0    83370.4786  4174   135915.7500    Cuts: 2277   583539   38.66%
   1170     0    83456.5525  4201   135915.7500    Cuts: 2277   585891   38.60%
   1170     0    83647.1157  4103   135915.7500    Cuts: 2277   588668   38.46%
   1170     0    83687.2899  4272   135915.7500    Cuts: 2277   590299   38.43%
   1170     0    83780.7611  4268   135915.7500    Cuts: 2169   592667   38.36%
   1170     0    83835.0418  4318   135915.7500    Cuts: 2277   594532   38.32%
   1170     0    83935.6820  3956   135915.7500    Cuts: 2122   597529   38.24%
   1170     0    84017.5770  4122   135915.7500    Cuts: 2277   599818   38.18%
   1170     0    84054.3307  4153   135915.7500    Cuts: 2277   601640   38.16%
   1170     0    84104.7426  4281   135915.7500    Cuts: 2277   603690   38.12%
   1170     0    84139.0053  4238   135915.7500    Cuts: 2277   605182   38.09%
   1170     0    84217.4188  4195   135915.7500    Cuts: 2074   607683   38.04%
   1170     0    84271.0139  4294   135915.7500    Cuts: 2277   609446   38.00%
   1170     0    84294.9020  4272   135915.7500    Cuts: 2277   611142   37.98%
   1170     0    84390.8029  4045   135915.7500    Cuts: 1996   614117   37.91%
   1170     0    84422.0216  4047   135915.7500    Cuts: 2277   615611   37.89%
*  1170+    0                       135006.4100    84422.0216            37.47%
   1170     0    84487.3977  4120   135006.4100    Cuts: 2277   617690   37.42%
*  1170+    0                       134219.1500    84487.3977            37.05%
*  1170+    0                       133966.4000    84487.3977            36.93%
*  1170+    0                       133961.7800    84487.3977            36.93%
   1170     0  -1.00000e+75     0   133961.7800    84487.3977   617690   36.93%
   1170     0    84799.4106  4065   133961.7800    Cuts: 2277   620770   36.70%
   1170     0    84851.4098  4088   133961.7800    Cuts: 2277   622488   36.66%
   1170     0    84899.6985  4229   133961.7800    Cuts: 2277   624186   36.62%
   1170     0    84959.5404  4020   133961.7800    Cuts: 2277   626494   36.58%
*  1170+    0                       133857.7900    84959.5404            36.53%
   1170     0    84987.7085  4012   133857.7900    Cuts: 2277   628128   36.51%
   1170     0    85015.5737  4062   133857.7900    Cuts: 2277   629713   36.49%
*  1170+    0                       133801.3900    85015.5737            36.46%
   1170     0  -1.00000e+75     0   133801.3900    85015.5737   629713   36.46%
   1170     2    85015.5737  3911   133801.3900    85015.5737   629713   36.46%
   1173     5    85019.8725  3830   133801.3900    85020.0437   629957   36.46%
   1175     7    85022.3983  3820   133801.3900    85021.2729   630209   36.46%
   1176     8    85112.2910  3755   133801.3900    85021.2729   631335   36.46%
Elapsed time = 1300.61 sec. (317576.51 ticks, tree = 0.29 MB, solutions = 12)
   1179    10    87476.8114  3645   133801.3900    85021.2729   632916   36.46%
   1186    17    87574.8273  3651   133801.3900    85021.2729   635152   36.46%
   1191    20    88002.8076  3609   133801.3900    85021.2729   636723   36.46%
   1198    28    87617.3693  3654   133801.3900    85021.2729   641631   36.46%
   1204    32    85240.4675  3743   133801.3900    85021.2729   643612   36.46%
   1210    35    86390.1882  3636   133801.3900    85021.2729   645511   36.46%
   1215    45    86255.5008  3626   133801.3900    85021.2729   651084   36.46%
   1221    48    85534.2039  3575   133801.3900    85021.2729   653094   36.46%
   1228     3    85074.2613  3887   133801.3900    85021.2729   630158   36.46%
   1233    58    85925.2882  3851   133801.3900    85021.2729   661043   36.46%
Elapsed time = 1362.28 sec. (331468.78 ticks, tree = 2.76 MB, solutions = 12)
   1235     5    85065.3169  3764   133801.3900    85021.2729   630180   36.46%
   1236    67    86660.3020  3708   133801.3900    85021.2729   674021   36.46%
   1243    73    86274.0297  3831   133801.3900    85022.5559   675900   36.46%
   1251    79    87604.0488  3666   133801.3900    85022.5559   678059   36.46%
   1259    84    87261.0454  3833   133801.3900    85022.5559   694801   36.46%
   1262    86    88627.5296  3675   133801.3900    85022.5559   703766   36.46%
   1269    88    88627.7335  3676   133801.3900    85022.5559   705307   36.46%
   1280    95    86300.0274  3750   133801.3900    85022.5559   716627   36.46%
   1287    90    87082.8507  3837   133801.3900    85022.5559   697748   36.46%
   1294   103    88746.6118  3767   133801.3900    85022.5559   717840   36.46%
Elapsed time = 1410.16 sec. (343645.83 ticks, tree = 5.41 MB, solutions = 12)
   1302   111    86986.1293  3872   133801.3900    85022.5559   719313   36.46%
   1311   112    88754.0399  3776   133801.3900    85022.5559   720429   36.46%
   1327   117    88076.9024  3719   133801.3900    85022.5559   722129   36.46%
   1345   138    87125.9174  3841   133801.3900    85022.5559   731419   36.46%
   1359   156    88740.8733  3629   133801.3900    85022.5559   739083   36.46%
   1371   144    90868.5163  3796   133801.3900    85022.5559   734686   36.46%
   1380   179    86230.2430  3820   133801.3900    85022.5559   747982   36.46%
   1397   166    88757.6756  3709   133801.3900    85022.5559   743967   36.46%
   1407   213    92739.8616  3634   133801.3900    85022.5559   761512   36.46%
   1423   234    86288.1150  3712   133801.3900    85022.5559   772629   36.46%
Elapsed time = 1465.06 sec. (356670.53 ticks, tree = 16.49 MB, solutions = 12)
   1452   250    86905.4162  3712   133801.3900    85022.5559   776409   36.46%
   1471   274    91204.2479  3742   133801.3900    85022.5559   790047   36.46%
   1493   309    90981.7113  3513   133801.3900    85022.5559   807884   36.46%
   1523   318    87322.5135  3706   133801.3900    85022.5559   811267   36.46%
   1569   330    88856.5648  3622   133801.3900    85022.5559   817407   36.46%
   1629   403    91386.1425  3663   133801.3900    85022.5559   848235   36.46%
   1662   416    91604.7589  3609   133801.3900    85022.5559   853796   36.46%
   1713   462    89701.7340  3473   133801.3900    85022.5559   877101   36.46%
   1785   476    88160.5645  3707   133801.3900    85022.5559   893935   36.46%
   1862   591    95692.8164  3424   133801.3900    85022.5559   936617   36.46%
Elapsed time = 1635.14 sec. (396925.27 ticks, tree = 49.07 MB, solutions = 12)
   1921   685    94018.8488  3421   133801.3900    85022.5559   963581   36.46%
   1952   746    91428.8974  3351   133801.3900    85022.5559   986548   36.46%
   1982   733    96338.1723  3336   133801.3900    85022.5559   984338   36.46%
   2034   825    94293.1339  3347   133801.3900    85022.5559  1028221   36.46%
   2081   843    91545.9620  3381   133801.3900    85022.5559  1038530   36.46%
   2132   856    92809.4060  3365   133801.3900    85022.5559  1045408   36.46%
   2223   974    96503.2478  3311   133801.3900    85022.5559  1082208   36.46%
   2281  1080    98552.1712  3401   133801.3900    85022.5559  1126507   36.46%
   2352  1067    95940.6665  3273   133801.3900    85022.5559  1124172   36.46%
   2411  1156    95466.6464  3362   133801.3900    85022.5559  1161209   36.46%
Elapsed time = 1798.45 sec. (436126.60 ticks, tree = 102.20 MB, solutions = 12)
   2444  1222    95575.6493  3257   133801.3900    85022.5559  1190378   36.46%
   2455  1237    96949.3024  3244   133801.3900    85022.5559  1199227   36.46%
   2502  1293    98938.4109  3333   133801.3900    85022.5559  1221243   36.46%
   2551  1273    98132.2740  3184   133801.3900    85022.5559  1218128   36.46%
   2602  1391    98799.5810  3238   133801.3900    85022.5559  1267785   36.46%
   2679  1461    99254.5068  3273   133801.3900    85022.5559  1297802   36.46%
   2742  1447    96551.8269  3158   133801.3900    85022.5559  1294033   36.46%
   2812  1533    90623.0155  3460   133801.3900    85022.5559  1327914   36.46%
   2884  1609    99538.1088  3118   133801.3900    85022.5559  1359290   36.46%
   2961  1662   101873.6524  3034   133801.3900    85022.5559  1381077   36.46%
Elapsed time = 1966.67 sec. (475020.09 ticks, tree = 150.39 MB, solutions = 12)
   3001  1745    90972.0039  3244   133801.3900    85022.5559  1409384   36.46%
   3053  1848   102054.1326  3067   133801.3900    85022.5559  1441750   36.46%
   3134  1867   101805.2445  3039   133801.3900    85022.5559  1449217   36.46%
   3175  1933    91353.2007  3316   133801.3900    85022.5559  1471183   36.46%
   3220  2010   102020.7471  3185   133801.3900    85022.5559  1488985   36.46%
   3292  2042   103720.4192  3068   133801.3900    85022.5559  1501318   36.46%
   3358  2066   106023.3165  2891   133801.3900    85022.5559  1508142   36.46%
   3438  2191    92901.6671  3259   133801.3900    85022.5559  1550309   36.46%
   3527  2216    93398.4228  3254   133801.3900    85022.5559  1556756   36.46%
   3605  2314   107119.9167  3058   133801.3900    85022.5559  1589633   36.46%
Elapsed time = 2131.84 sec. (513497.47 ticks, tree = 212.70 MB, solutions = 12)
   3679  2354    97385.9044  3087   133801.3900    85022.5559  1601457   36.46%
   3753  2451   107772.3102  2841   133801.3900    85022.5559  1628971   36.46%
   3836  2493   108212.0344  2798   133801.3900    85022.5559  1646818   36.46%
   3923  2564   114275.8799  2831   133801.3900    85022.5559  1674031   36.46%
   3991  2718   119386.4084  3018   133801.3900    85022.5559  1710028   36.46%
   4077  2823   120032.7163  2932   133801.3900    85022.5559  1751179   36.46%
   4149  2852   121482.7749  2888   133801.3900    85022.5559  1758669   36.46%
   4234  2974    97925.3879  3197   133801.3900    85022.5559  1799088   36.46%
   4309  3006   119709.2608  2840   133801.3900    85022.5559  1808260   36.46%
   4414  3113    99266.7534  2989   133801.3900    85022.5559  1837242   36.46%
Elapsed time = 2300.34 sec. (552112.99 ticks, tree = 289.19 MB, solutions = 12)
   4515  3113   124482.2129  2852   133801.3900    85022.5559  1833203   36.46%
   4612  3334   120877.9124  2804   133801.3900    85022.5559  1895851   36.46%
   4696  3265   101179.4533  3027   133801.3900    85022.5559  1878701   36.46%
   4824  3466    99508.1370  2980   133801.3900    85022.5559  1925611   36.46%
   4942  3573   127101.8329  2760   133801.3900    85022.5559  1944299   36.46%
   5035  3808   132533.5613  2617   133801.3900    85022.5559  1989345   36.46%
   5139  3722   105235.5709  2966   133801.3900    85022.5559  1979566   36.46%
   5226  3918   113033.0877  2788   133801.3900    85022.5559  2020748   36.46%
   5310  3824    91273.0732  3649   133801.3900    85022.5559  2014586   36.46%
   5340  3960    91412.3469  3611   133801.3900    85022.5559  2047374   36.46%
Elapsed time = 2469.00 sec. (590607.88 ticks, tree = 370.58 MB, solutions = 12)
   5388  4078   116887.0319  2808   133801.3900    85022.5559  2061482   36.46%
   5420  4119    88010.1972  3973   133801.3900    85022.5559  2083566   36.46%
   5475  4209   129382.9164  2770   133801.3900    85022.5559  2114106   36.46%
   5533  4280   119155.1535  2701   133801.3900    85022.5559  2140060   36.46%
   5627  4325   118326.4001  2696   133801.3900    85022.5559  2147205   36.46%
   5684  4438   118642.0657  2644   133801.3900    85022.5559  2207514   36.46%
   5734  4337    86769.4191  3946   133801.3900    85022.5559  2182102   36.46%
   5758  4476    94584.1965  3741   133801.3900    85022.5559  2240045   36.46%
   5782  4517    89690.6525  3842   133801.3900    85132.4492  2271543   36.37%
   5804  4520    88415.9713  3834   133801.3900    85132.4492  2277677   36.37%
Elapsed time = 2638.89 sec. (629449.34 ticks, tree = 425.41 MB, solutions = 12)
   5821  4554    91332.1221  3710   133801.3900    85132.4492  2301219   36.37%
   5850  4569    91340.4619  3728   133801.3900    85132.4492  2307747   36.37%
   5876  4611    92785.2718  3642   133801.3900    85132.4492  2354180   36.37%
   5903  4626    88307.3069  3930   133801.3900    85132.4492  2372391   36.37%
   5945  4668    92005.1601  3688   133801.3900    85132.4492  2412076   36.37%
   5979  4677    92251.4304  3688   133801.3900    85132.4492  2418359   36.37%
   6016  4717   101970.6769  3592   133801.3900    85132.4492  2445759   36.37%
   6051  4755    93769.9721  3520   133801.3900    85132.4492  2474977   36.37%
   6088  4772    92087.8947  3535   133801.3900    85132.4492  2492936   36.37%
   6125  4839    94903.3735  3548   133801.3900    85132.4492  2532004   36.37%
Elapsed time = 2808.97 sec. (669028.31 ticks, tree = 456.41 MB, solutions = 12)
   6167  4883   106559.4136  3196   133801.3900    85132.4492  2560524   36.37%
   6207  4865    98445.8661  3472   133801.3900    85132.4492  2544710   36.37%
   6249  4913   107465.8334  3197   133801.3900    85132.4492  2572990   36.37%
   6293  4992   108674.2038  3219   133801.3900    85132.4492  2626380   36.37%
   6321  5006   109131.7753  3150   133801.3900    85132.4492  2632632   36.37%
   6356  5085   109501.6306  3131   133801.3900    85132.4492  2679971   36.37%
   6395  5094   115432.8819  3076   133801.3900    85132.4492  2686580   36.37%
   6433  5127    97032.5978  3520   133801.3900    85132.4492  2713148   36.37%
   6478  5169    99165.1652  3069   133801.3900    85132.4492  2734480   36.37%
   6525  5136    99469.2031  3417   133801.3900    85132.4492  2721171   36.37%
Elapsed time = 2979.45 sec. (707892.82 ticks, tree = 485.39 MB, solutions = 12)
   6583  5264   100189.5157  3039   133801.3900    85132.4492  2789919   36.37%
   6622  5233   102055.5356  3177   133801.3900    85132.4492  2779884   36.37%
   6683  5368   108349.3451  2931   133801.3900    85132.4492  2834809   36.37%
   6745  5449   114974.4571  3045   133801.3900    85132.4492  2875611   36.37%
   6797  5432   102037.6939  3038   133801.3900    85132.4492  2869029   36.37%
   6861  5515   112158.6640  2825   133801.3900    85132.4492  2904295   36.37%
   6915  5528   105996.1294  3058   133801.3900    85132.4492  2916380   36.37%
   6983  5586   103641.7054  2947   133801.3900    85132.4492  2935149   36.37%
   7022  5677   116041.1211  2757   133801.3900    85132.4492  2959444   36.37%
   7083  5715   105195.6513  3262   133801.3900    85132.4492  2995151   36.37%
Elapsed time = 3152.45 sec. (746461.29 ticks, tree = 542.40 MB, solutions = 12)
   7164  5831   120052.2427  2666   133801.3900    85132.4492  3019297   36.37%
   7254  5853   123419.1961  2609   133801.3900    85132.4492  3026332   36.37%
   7352  5906   107166.8281  2904   133801.3900    85132.4492  3061680   36.37%
   7464  6075   129841.5395  2725   133801.3900    85132.4492  3105568   36.37%
   7598  6055   123595.1924  2529   133801.3900    85132.4492  3093654   36.37%
   7669  6343   124002.6542  2524   133801.3900    85132.4492  3179324   36.37%
   7732  6207   114156.9662  2389   133801.3900    85132.4492  3127839   36.37%
   7840  6419   125494.1698  2530   133801.3900    85132.4492  3193222   36.37%
   7919  6606   128427.8350  2517   133801.3900    85132.4492  3236571   36.37%
   8028  6531   122184.1229  2399   133801.3900    85132.4492  3208150   36.37%
Elapsed time = 3332.30 sec. (785118.19 ticks, tree = 623.59 MB, solutions = 12)
   8126  6557   118635.1539  2504   133801.3900    85132.4492  3228598   36.37%
   8180  6748   124926.2720  2566   133801.3900    85132.4492  3272103   36.37%
   8239  6783   125777.2813  2581   133801.3900    85132.4492  3279412   36.37%
   8313  6886   132667.7214  2473   133801.3900    85132.4492  3299812   36.37%
   8369  6607    87123.3955  4021   133801.3900    85132.4492  3259211   36.37%
   8408  7023   121635.5760  2528   133801.3900    85133.9350  3332424   36.37%
   8460  7073   123660.4824  2485   133801.3900    85133.9350  3339655   36.37%
   8488  7200   124957.4695  2702   133801.3900    85225.6488  3408090   36.30%
   8523  7233   125628.7505  2667   133801.3900    85225.6488  3414864   36.30%
   8539  7247   125703.0895  2766   133801.3900    85225.6488  3417225   36.30%
Elapsed time = 3513.91 sec. (825018.83 ticks, tree = 696.51 MB, solutions = 12)
   8576  7282   128754.8205  2675   133801.3900    85225.6488  3443383   36.30%
   8612  7316   130177.5800  2503   133801.3900    85225.6488  3450179   36.30%
   8661  7264    94252.1389  4298   133801.3900    85225.6488  3474848   36.30%
   8670  7278    95992.0301  4166   133801.3900    85225.6488  3520679   36.30%
   8679  7285    99927.1749  4285   133801.3900    85242.4877  3526859   36.29%
   8689  7294   101067.5511  4095   133801.3900    85242.4877  3532714   36.29%
   8700  7379    92049.2794  4304   133801.3900    86020.3452  3576398   35.71%
   8709  7413   102681.3878  4026   133801.3900    86032.7288  3607170   35.70%
   8721  7424   103754.0478  4048   133801.3900    86032.7288  3612673   35.70%
   8730  7431   107354.7619  4061   133801.3900    86041.9330  3618311   35.69%
Elapsed time = 3707.81 sec. (865522.85 ticks, tree = 715.92 MB, solutions = 12)
   8749  7449   109386.3281  4012   133801.3900    86041.9330  3677291   35.69%
   8773  7461   110823.1164  3840   133801.3900    86041.9330  3682931   35.69%
   8792  7426    97832.6663  4048   133801.3900    86041.9330  3672736   35.69%
   8830  7487   118989.4943  3771   133801.3900    86041.9330  3694459   35.69%
   8847  7482    97788.3293  3877   133801.3900    86041.9330  3748167   35.69%
   8859  7530    89002.1160  4357   133801.3900    86218.8030  3771039   35.56%
   8865  7540    92944.1052  4160   133801.3900    86218.8030  3783815   35.56%
   8882  7571    91429.8406  4114   133801.3900    86219.4792  3819278   35.56%
   8907  7579    92621.4188  3940   133801.3900    86219.4792  3826043   35.56%
   8928  7575    88534.2054  4365   133801.3900    86219.4792  3855688   35.56%
Elapsed time = 3918.89 sec. (906467.15 ticks, tree = 730.87 MB, solutions = 12)
   8956  7622   102462.4290  3619   133801.3900    86219.4792  3890662   35.56%
   8981  7607    99142.1472  3856   133801.3900    86219.4792  3879070   35.56%
   9026  7623   101783.7932  3894   133801.3900    86219.4792  3884991   35.56%
   9058  7662    98374.4263  4025   133801.3900    86219.4792  3946729   35.56%
   9087  7756    98587.0202  3734   133801.3900    86219.4792  4004612   35.56%
   9103  7766    99200.1041  3921   133801.3900    86219.4792  4010128   35.56%
   9119  7775   103678.1845  3789   133801.3900    86219.4792  4015967   35.56%
   9135  7745    90691.0226  4302   133801.3900    86231.3582  3998230   35.55%
   9155  7839   105406.0331  3857   133801.3900    86231.3582  4076299   35.55%
   9179  7791    91985.5562  4210   133801.3900    86231.3582  4052729   35.55%
Elapsed time = 4136.56 sec. (946677.29 ticks, tree = 754.83 MB, solutions = 12)
   9215  7872   106922.7901  3668   133801.3900    86231.3582  4087716   35.55%
   9237  7884   108582.1578  3638   133801.3900    86231.3582  4093558   35.55%
   9268  7878   106478.1790  3491   133801.3900    86231.3582  4127445   35.55%
   9296  7864   100023.2839  4202   133801.3900    86231.3582  4119802   35.55%
   9318  7976   100708.6429  4181   133801.3900    86231.3582  4194125   35.55%
   9360  7920    99916.1399  4045   133801.3900    86231.3582  4167592   35.55%
   9413  8078   118534.1764  3523   133801.3900    86231.3582  4252856   35.55%
   9452  8035   101681.9938  3996   133801.3900    86231.3582  4240885   35.55%
   9470  8021   113345.0406  3554   133801.3900    86231.3582  4225826   35.55%
   9494  8117   109181.0971  3951   133801.3900    86238.7811  4282151   35.55%
Elapsed time = 4357.09 sec. (986617.87 ticks, tree = 790.98 MB, solutions = 12)
   9518  8123   115424.2473  3952   133801.3900    86238.7811  4288889   35.55%
   9559  8133   121103.0297  3779   133801.3900    86238.7811  4295136   35.55%
   9608  8207   106651.8763  3652   133801.3900    86238.7811  4330275   35.55%
*  9610+ 8171                       133654.7000    86238.7811            35.48%
   9639  8251   123484.8967  3552   133654.7000    86238.7811  4367757   35.48%
   9668  8268   124601.5581  3596   133654.7000    86238.7811  4373546   35.48%
   9701  8288   125020.3508  3547   133654.7000    86238.7811  4379326   35.48%
   9735  8319   109944.4677  3524   133654.7000    86244.6740  4416939   35.47%
   9777  8393   125978.6319  3530   133654.7000    86244.6740  4459950   35.47%
   9826  8411   126573.5832  3518   133654.7000    86244.6740  4465735   35.47%
   9844  8395    90441.2597  4153   133654.7000    86244.6740  4499899   35.47%
Elapsed time = 4592.08 sec. (1026503.11 ticks, tree = 821.34 MB, solutions = 13)
   9868  8402    90803.5898  4103   133654.7000    86244.7756  4506005   35.47%
   9894  8505   107622.9380  3611   133654.7000    86244.7756  4554452   35.47%
   9925  8470    91724.9107  4336   133654.7000    86244.7756  4534980   35.47%
   9966  8528    95572.3536  4210   133654.7000    86255.5264  4576346   35.46%
  10005  8631   113574.4713  3643   133654.7000    86255.5264  4645939   35.46%
  10045  8649   114062.1024  3665   133654.7000    86255.5264  4651764   35.46%
  10092  8665   114536.2460  3641   133654.7000    86255.5264  4657409   35.46%
  10140  8694   105346.7333  4021   133654.7000    86255.5264  4715611   35.46%
  10190  8649   106475.3839  4055   133654.7000    86255.5264  4680177   35.46%
  10230  8717   107021.3591  3881   133654.7000    86255.5264  4726962   35.46%
Elapsed time = 4814.69 sec. (1065606.26 ticks, tree = 856.53 MB, solutions = 13)
  10270  8733   108039.5781  3745   133654.7000    86255.5264  4732742   35.46%
  10317  8898   101479.4845  3534   133654.7000    86255.5264  4798199   35.46%
  10361  8837   110471.7573  3591   133654.7000    86255.5264  4779589   35.46%
  10403  8925   102872.1197  3573   133654.7000    86255.5572  4809743   35.46%
  10432  9035   113567.4737  3451   133654.7000    86255.5572  4861988   35.46%
  10460  9058   114508.0482  3425   133654.7000    86255.5572  4868194   35.46%
  10495  9060   110246.0034  3667   133654.7000    86255.5572  4873268   35.46%
  10535  9078   110808.2255  3650   133654.7000    86257.1156  4879020   35.46%
  10578  9098   111370.2518  3587   133654.7000    86257.1156  4884945   35.46%
  10603  9115   111986.0727  3492   133654.7000    86257.1156  4890859   35.46%
Elapsed time = 5040.17 sec. (1104875.21 ticks, tree = 900.75 MB, solutions = 13)
  10634  9136    96448.1948  4064   133654.7000    86258.3124  4932128   35.46%
  10658  9162   101703.0056  3921   133654.7000    86258.3124  4957744   35.46%
  10678  9323    98897.2519  3906   133654.7000    86268.8747  5031305   35.45%
  10708  9351   102894.0116  3851   133654.7000    86268.8747  5056290   35.45%
  10744  9300    94396.5213  4249   133654.7000    86268.8747  5014752   35.45%
  10770  9366   102608.6632  4181   133654.7000    86268.8747  5083507   35.45%
  10804  9373   103782.6417  4144   133654.7000    86268.8747  5089345   35.45%
  10840  9479   108191.0367  3671   133654.7000    86268.8747  5164405   35.45%
  10888  9477   105629.7726  3744   133654.7000    86268.8747  5151246   35.45%
  10932  9507   109992.8158  3583   133654.7000    86268.8747  5175750   35.45%
Elapsed time = 5262.27 sec. (1143994.92 ticks, tree = 943.98 MB, solutions = 13)
  10974  9519   112530.7404  3588   133654.7000    86268.8747  5181535   35.45%
  11017  9632   114283.3224  3650   133654.7000    86268.8747  5252601   35.45%
  11059  9544   109852.9249  3895   133654.7000    86268.8747  5206128   35.45%
  11114  9666   115610.3315  3544   133654.7000    86268.8747  5264160   35.45%
  11142  9576   113078.5354  3999   133654.7000    86268.8747  5242573   35.45%
  11165  9734   112520.2671  3800   133654.7000    86274.0339  5309375   35.45%
  11196  9828   114881.7418  3771   133654.7000    86274.0339  5367587   35.45%
  11233  9761   114291.8363  3676   133654.7000    86274.0339  5321333   35.45%
  11268  9852   116448.1457  3777   133654.7000    86288.1173  5379123   35.44%
  11315  9794   116525.0507  3440   133654.7000    86288.1173  5332888   35.44%
Elapsed time = 5511.73 sec. (1183312.34 ticks, tree = 975.82 MB, solutions = 13)
  11356  9802    95413.3603  4060   133654.7000    86288.1173  5360376   35.44%
  11389 10032   123447.6437  3430   133654.7000    86288.1173  5484846   35.44%
  11421  9889   105107.0578  4054   133654.7000    86288.1173  5422566   35.44%
  11452  9980   101506.0198  3732   133654.7000    86288.9921  5467143   35.44%
  11500  9996   103400.6008  3639   133654.7000    86288.9921  5473052   35.44%
  11541 10080    93084.4327  4210   133654.7000    86288.9921  5538529   35.44%
  11571 10108   115865.5105  3818   133654.7000    86293.7739  5535526   35.44%
  11612 10086    94581.9972  4215   133654.7000    86293.7739  5550417   35.44%
  11665 10188   106981.4140  3493   133654.7000    86293.7739  5580168   35.44%
  11715 10292   117739.6406  3652   133654.7000    86293.7739  5638408   35.44%
Elapsed time = 5768.94 sec. (1223225.27 ticks, tree = 1030.83 MB, solutions = 13)
  11767 10285    98731.5615  4198   133654.7000    86293.7739  5660917   35.44%
  11807 10327   119241.1326  3683   133654.7000    86293.7739  5650477   35.44%
  11848 10357   120427.3676  3547   133654.7000    86293.7739  5656795   35.44%
  11864 10304   107421.6952  4130   133654.7000    86296.4721  5678412   35.43%
  11886 10315   107868.5275  4194   133654.7000    86296.4721  5684059   35.43%
  11901 10518    91119.7394  4232   133654.7000    86300.0495  5772792   35.43%
  11912 10432   101734.7608  4206   133654.7000    86300.0495  5751853   35.43%
  11926 10566   110082.0815  3977   133654.7000    86300.0495  5809415   35.43%
  11944 10576   118032.8429  3921   133654.7000    86300.0495  5815469   35.43%
  11968 10591   118810.1232  3927   133654.7000    86300.0495  5821020   35.43%
Elapsed time = 5989.41 sec. (1263251.00 ticks, tree = 1064.01 MB, solutions = 13)
  11994 10603   119357.4736  3871   133654.7000    86300.0495  5826925   35.43%
  12029 10666   120032.1378  3822   133654.7000    86300.0495  5915057   35.43%
  12053 10622   103502.9352  4001   133654.7000    86300.0495  5893055   35.43%
  12087 10690   121007.3439  3671   133654.7000    86300.0495  5926358   35.43%
  12128 10640   105773.1203  3953   133654.7000    86300.0495  5904285   35.43%
  12178 10725   102609.6577  3779   133654.7000    86300.0495  5977949   35.43%
  12212 10732   121695.1143  3777   133654.7000    86300.0495  5965024   35.43%
  12252 10740   103419.4540  3733   133654.7000    86300.0495  5990068   35.43%
  12302 10768   123082.2390  3733   133654.7000    86300.0495  5976940   35.43%
  12361 10938   123533.1377  3557   133654.7000    86300.0495  6071743   35.43%
Elapsed time = 6205.98 sec. (1302051.82 ticks, tree = 1074.16 MB, solutions = 13)
  12409 10949   129291.3005  3583   133654.7000    86300.0495  6077918   35.43%
  12458 10977   129877.7717  3506   133654.7000    86300.0495  6083727   35.43%
  12487 10994   107722.4938  3512   133654.7000    86300.1644  6112247   35.43%
  12502 11004   108718.5121  3300   133654.7000    86300.1644  6118597   35.43%
  12528 10994    90693.6933  4151   133654.7000    86300.1644  6101440   35.43%
  12551 11025   108315.1160  3301   133654.7000    86316.8234  6131332   35.42%
  12575 11174    94034.2635  4001   133654.7000    86316.8234  6218838   35.42%
  12601 11108   104148.9948  4056   133654.7000    86316.8234  6171163   35.42%
  12628 11115   101770.8996  3744   133654.7000    86316.8234  6196807   35.42%
  12655 11257   103164.1870  3956   133654.7000    86316.8234  6285178   35.42%
Elapsed time = 6416.17 sec. (1341305.84 ticks, tree = 1109.26 MB, solutions = 13)
  12684 11195    95577.6129  3939   133654.7000    86316.8234  6243379   35.42%
  12706 11268   104929.4453  3801   133654.7000    86316.8234  6297865   35.42%
  12725 11329   104423.3283  3565   133654.7000    86316.8234  6366340   35.42%
  12746 11340   107432.2609  3589   133654.7000    86355.0923  6372500   35.39%
  12772 11301    99766.9261  3791   133654.7000    86355.0923  6341381   35.39%
  12804 11360   109065.2933  3467   133654.7000    86355.0923  6384653   35.39%
  12831 11369   108988.2721  3471   133654.7000    86355.0923  6390721   35.39%
  12863 11420   110622.0385  3784   133654.7000    86355.0923  6442967   35.39%
  12888 11457   106120.4299  3427   133654.7000    86355.0923  6473434   35.39%
  12921 11510   111010.3255  3363   133654.7000    86355.0923  6514828   35.39%
Elapsed time = 6640.56 sec. (1381621.38 ticks, tree = 1137.66 MB, solutions = 13)
  12952 11529   105273.4877  3914   133654.7000    86355.0923  6541643   35.39%
  12982 11533   105915.4577  4016   133654.7000    86355.0923  6547471   35.39%
  13005 11578   111212.0843  3671   133654.7000    86355.0923  6580488   35.39%
  13036 11543   111360.8605  4031   133654.7000    86355.0923  6558873   35.39%
  13071 11594   112646.7290  3492   133654.7000    86355.0923  6591712   35.39%
  13105 11648   109400.5309  3175   133654.7000    86355.0923  6624937   35.39%
  13133 11658   109754.9250  3203   133654.7000    86355.0923  6630880   35.39%
  13166 11667   110160.2844  2994   133654.7000    86355.0923  6637022   35.39%
  13211 11778   116862.1934  3440   133654.7000    86355.0923  6726078   35.39%
  13249 11720   114321.1087  3112   133654.7000    86355.0923  6685810   35.39%
Elapsed time = 6860.69 sec. (1420686.55 ticks, tree = 1160.92 MB, solutions = 13)
  13289 11828   111243.5852  3037   133654.7000    86355.0923  6765628   35.39%
  13313 11772   118803.3129  3560   133654.7000    86355.0923  6716561   35.39%
  13324 11936   119496.9803  3500   133654.7000    86355.0923  6837480   35.39%
  13347 11830    88134.1225  4230   133654.7000    86355.0923  6775782   35.39%
  13379 11974   120877.2813  3424   133654.7000    86387.8845  6848382   35.36%
  13410 11892    96900.1041  4112   133654.7000    86387.8845  6832277   35.36%
  13417 12035    97562.9805  4080   133654.7000    86390.3695  6936703   35.36%
  13427 12008    97472.4081  4218   133654.7000    86390.3695  6905746   35.36%
  13446 12043   103769.2639  4082   133654.7000    86390.3695  6948191   35.36%
  13464 12019    99290.9112  4012   133654.7000    86390.3695  6917144   35.36%
Elapsed time = 7091.53 sec. (1460649.56 ticks, tree = 1193.97 MB, solutions = 13)
  13483 12009    96669.8708  4099   133654.7000    86390.3695  6900619   35.36%
  13506 12128    97210.6582  4052   133654.7000    86393.7424  7004271   35.36%
  13526 12131    99102.1424  4023   133654.7000    86393.7424  7010078   35.36%
  13555 12141    99733.4240  4024   133654.7000    86393.7424  7015687   35.36%
  13582 12165   104207.1290  4033   133654.7000    86393.7424  7048343   35.36%
  13612 12212   110414.5466  3565   133654.7000    86393.7424  7089934   35.36%
  13647 12182   106313.4862  3815   133654.7000    86393.7424  7059782   35.36%
  13684 12238   111629.1458  3678   133654.7000    86393.7424  7101421   35.36%
  13729 12283   104267.8391  3743   133654.7000    86393.7424  7155031   35.36%
  13770 12412   113121.1553  3422   133654.7000    86393.7424  7224268   35.36%
Elapsed time = 7311.53 sec. (1500004.29 ticks, tree = 1239.07 MB, solutions = 13)
  13823 12309   105580.1889  3885   133654.7000    86393.7424  7166232   35.36%
  13880 12369   112339.1892  3769   133654.7000    86393.7424  7200565   35.36%
  13927 12470   116954.5565  3350   133654.7000    86393.7424  7241949   35.36%
  13968 12262   113581.8246  4054   133654.7000    86393.7424  7148524   35.36%
  14004 12450   115507.1642  3929   133654.7000    86393.7424  7263906   35.36%
  14050 12557   109163.2446  3649   133654.7000    86393.7424  7305721   35.36%
  14073 12704   116116.4895  3453   133654.7000    86393.7424  7372205   35.36%
  14090 12483   118774.5010  3909   133654.7000    86393.7424  7280907   35.36%
  14109 12496   119451.4718  3826   133654.7000    86393.7424  7286692   35.36%
  14142 12713    91140.5371  4243   133654.7000    86393.7424  7389348   35.36%
Elapsed time = 7514.84 sec. (1539533.00 ticks, tree = 1273.93 MB, solutions = 13)
  14175 12529   120716.0100  3778   133654.7000    86393.7424  7298181   35.36%
  14200 12642    94035.9546  3989   133654.7000    86393.7424  7363721   35.36%
  14238 12819    90315.2021  4210   133654.7000    86407.5746  7431522   35.35%
  14289 12829    94245.0565  4185   133654.7000    86428.7097  7437817   35.33%
  14315 12835    99588.7446  4105   133654.7000    86428.7097  7443629   35.33%
  14342 12915    98664.0571  3947   133654.7000    86428.7097  7517720   35.33%
  14373 12913    98087.1453  3714   133654.7000    86428.7097  7484436   35.33%
  14411 12927    98671.6070  3717   133654.7000    86428.7097  7490069   35.33%
  14449 12938    99222.6833  3687   133654.7000    86429.7824  7495953   35.33%
  14489 12949   100153.0697  3648   133654.7000    86429.7824  7501720   35.33%
Elapsed time = 7718.16 sec. (1578964.57 ticks, tree = 1301.10 MB, solutions = 13)
  14540 13179   105880.8185  3756   133654.7000    86429.7824  7670416   35.33%
  14580 13114   105704.1325  3690   133654.7000    86429.7824  7635513   35.33%
  14629 13044   109135.7119  3876   133654.7000    86429.7824  7608397   35.33%
  14691 13226   109234.8750  3616   133654.7000    86429.7824  7688012   35.33%
  14733 13065   110416.9894  3811   133654.7000    86429.7824  7619639   35.33%
  14782 13261   110436.2598  3557   133654.7000    86429.7824  7699421   35.33%
  14821 13327   111997.4933  3737   133654.7000    86431.7883  7757399   35.33%
  14868 13293   117262.2714  2309   133654.7000    86431.7883  7729807   35.33%
  14922 13366   114018.3349  3571   133654.7000    86431.7883  7769011   35.33%
  14983 13380   114902.1399  3672   133654.7000    86431.7883  7775099   35.33%
Elapsed time = 7947.75 sec. (1618219.81 ticks, tree = 1350.76 MB, solutions = 13)
  15009 13489   101351.1615  3939   133654.7000    86431.7883  7858227   35.33%
  15027 13498   103851.8102  3787   133654.7000    86431.7883  7864565   35.33%
  15049 13393    91551.9087  4349   133654.7000    86431.7883  7793131   35.33%
  15078 13664    95261.2406  4188   133654.7000    86451.9619  7932436   35.32%
  15108 13463   108437.2039  3149   133654.7000    86451.9619  7839712   35.32%
  15154 13729   110136.5004  2974   133654.7000    86451.9619  7979556   35.32%
  15191 13740   111529.7447  2746   133654.7000    86451.9619  7985956   35.32%
  15243 13831   116816.9170  2315   133654.7000    86451.9619  8034914   35.32%
  15299 13775   115803.0332  2330   133654.7000    86451.9619  7998801   35.32%
  15382 13714   109821.8548  2901   133654.7000    86451.9619  7967780   35.32%
Elapsed time = 8167.67 sec. (1657943.87 ticks, tree = 1389.25 MB, solutions = 13)
  15449 13724   111543.0845  2859   133654.7000    86451.9619  7974115   35.32%
  15496 13844   102027.0266  3901   133654.7000    86451.9619  8062009   35.32%
  15527 13918   116543.2764  2408   133654.7000    86451.9619  8106393   35.32%
  15562 13935   119028.3372  1927   133654.7000    86463.8777  8113336   35.31%
  15634 14044    93255.1161  4152   133654.7000    86465.0584  8154447   35.31%
  15697 13910   106047.4209  3436   133654.7000    86465.0584  8085662   35.31%
  15717 13927   111670.7753  3644   133654.7000    86465.0584  8091697   35.31%
  15743 14257   113933.8240  3517   133654.7000    86465.0584  8233121   35.31%
  15782 14022    91681.9290  4295   133654.7000    86465.0584  8143151   35.31%
  15816 14299   119869.4502  3360   133654.7000    86465.0584  8245379   35.31%
Elapsed time = 8389.33 sec. (1697418.69 ticks, tree = 1457.49 MB, solutions = 13)
  15847 14420    99703.3937  4235   133654.7000    86465.0584  8323322   35.31%
  15868 14429   102458.8629  4189   133654.7000    86465.0584  8329403   35.31%
  15886 14463   102958.8495  4168   133654.7000    86465.0584  8375845   35.31%
  15911 14469   107177.5346  3906   133654.7000    86483.6048  8381578   35.29%
  15946 14316    92683.7550  4224   133654.7000    86483.6048  8274307   35.29%
  15986 14482   109867.4766  3870   133654.7000    86487.4396  8352420   35.29%
  16018 14492   111586.9143  3854   133654.7000    86487.4396  8358048   35.29%
  16062 14516   110201.5226  3894   133654.7000    86487.4396  8404194   35.29%
  16097 14528   110693.6050  3619   133654.7000    86487.4396  8409914   35.29%
  16137 14591   109661.9682  3786   133654.7000    86487.4396  8471691   35.29%
Elapsed time = 8624.48 sec. (1737162.43 ticks, tree = 1490.37 MB, solutions = 13)
  16184 14764   113907.2077  3505   133654.7000    86487.4396  8554812   35.29%
  16236 14782   114842.0582  3443   133654.7000    86487.4396  8560627   35.29%
  16279 14628   112922.3727  3515   133654.7000    86487.4396  8488477   35.29%
  16323 14824   119597.8867  3354   133654.7000    86487.4396  8572320   35.29%
  16358 14660   114304.5467  3483   133654.7000    86487.4396  8500001   35.29%
  16379 14876   115106.7829  3490   133654.7000    86487.4396  8648941   35.29%
  16402 14892   115624.6370  3455   133654.7000    86499.6051  8654839   35.28%
  16423 14772    96690.5062  4220   133654.7000    86507.5519  8618199   35.28%
  16430 14776    99171.6170  4118   133654.7000    86507.5519  8624619   35.28%
  16439 14906    93703.5529  4165   133654.7000    86507.5519  8672921   35.28%
Elapsed time = 8874.62 sec. (1777182.92 ticks, tree = 1526.85 MB, solutions = 13)
  16453 14933    90138.9912  4404   133654.7000    86507.5519  8700720   35.28%
  16469 14788    99964.4449  4224   133654.7000    86507.5519  8642362   35.28%
  16483 14917    97810.6842  4179   133654.7000    86507.5519  8690764   35.28%
  16498 15066   102192.4284  4205   133654.7000    86511.2003  8779656   35.27%
  16510 14946    96219.4900  4156   133654.7000    86511.2003  8723846   35.27%
  16528 15142    97520.1963  4108   133654.7000    86511.2003  8870557   35.27%
  16540 15145    97854.8090  4103   133654.7000    86511.2003  8876145   35.27%
  16552 15147    98119.8853  4073   133654.7000    86511.2003  8881447   35.27%
  16570 15178   102284.6290  4146   133654.7000    86511.2003  8930581   35.27%
  16601 15096   103727.7981  4010   133654.7000    86511.2003  8812865   35.27%
Elapsed time = 9123.28 sec. (1816748.72 ticks, tree = 1548.62 MB, solutions = 13)
  16617 15143   103544.9508  4196   133654.7000    86511.2003  8862031   35.27%
  16634 15235   106484.5946  4144   133654.7000    86511.2003  9007482   35.27%
  16654 15240   106789.4277  4267   133654.7000    86511.2003  9013063   35.27%
  16673 15220   104213.0868  3960   133654.7000    86511.2003  8976303   35.27%
  16694 15226   104848.5443  3900   133654.7000    86511.2003  8982099   35.27%
  16720 15234   106436.8016  3834   133654.7000    86511.2003  8987616   35.27%
  16743 15242   107467.8507  3830   133654.7000    86511.2003  8993293   35.27%
  16769 15248   108142.3924  3752   133654.7000    86511.2003  8999187   35.27%
  16798 15269   110074.9749  4175   133654.7000    86511.2003  9046083   35.27%
  16820 15351   110055.2335  3869   133654.7000    86511.2003  9132932   35.27%
Elapsed time = 9359.17 sec. (1856095.49 ticks, tree = 1578.58 MB, solutions = 13)
  16844 15375   110638.1420  3564   133654.7000    86511.2003  9159229   35.27%
  16880 15418   113559.4600  4005   133654.7000    86511.2003  9207425   35.27%
  16911 15376   111561.2230  3677   133654.7000    86511.2003  9149914   35.27%
  16935 15404   111863.0141  3331   133654.7000    86511.2003  9177097   35.27%
  16967 15538   112140.4840  3713   133654.7000    86511.2003  9308722   35.27%
  16996 15548   111180.2895  3736   133654.7000    86511.2003  9314627   35.27%
  17020 15497   108591.6884  3429   133654.7000    86511.2003  9276701   35.27%
  17048 15510   107324.5393  3387   133654.7000    86511.2243  9282612   35.27%
  17078 15519   107344.7732  3486   133654.7000    86511.2243  9288360   35.27%
  17099 15528   108957.9875  3517   133654.7000    86511.2243  9294608   35.27%
Elapsed time = 9591.33 sec. (1895329.81 ticks, tree = 1599.33 MB, solutions = 13)
  17127 15648   120561.9888  3496   133654.7000    86511.2243  9412554   35.27%
  17151 15658   120747.4269  3450   133654.7000    86511.2243  9418748   35.27%
  17171 15604   104237.8482  4200   133654.7000    86511.2243  9376672   35.27%
  17182 15771    90064.2872  4221   133654.7000    86511.2243  9516001   35.27%
  17200 15614   106999.8169  4148   133654.7000    86511.3208  9388111   35.27%
  17230 15723    90778.5025  4233   133654.7000    86511.3208  9481910   35.27%
  17247 15728    92096.1028  4239   133654.7000    86511.3208  9487537   35.27%
  17261 15732    92691.6377  4340   133654.7000    86511.3208  9493734   35.27%
  17276 15882    92489.3025  4114   133654.7000    86511.3208  9613700   35.27%
  17295 15737    99573.2663  4180   133654.7000    86511.3208  9505109   35.27%
Elapsed time = 9803.47 sec. (1935050.89 ticks, tree = 1624.13 MB, solutions = 13)
  17322 15849   117424.0988  3932   133654.7000    86511.3208  9575421   35.27%
  17341 15916   100628.5145  4156   133654.7000    86517.2049  9669440   35.27%
  17372 15922   101390.4329  4162   133654.7000    86517.2049  9674852   35.27%
  17402 15879   129227.2150  3894   133654.7000    86517.2049  9591651   35.27%
  17432 15892   129741.7090  3759   133654.7000    86517.2049  9597141   35.27%
  17472 15908   131766.3346  3718   133654.7000    86517.2049  9602653   35.27%
  17504 15993   108682.5139  3791   133654.7000    86517.2049  9744307   35.27%
  17552 16006   109326.9949  3732   133654.7000    86517.2049  9750243   35.27%
  17594 16090   112989.5312  4033   133654.7000    86517.2049  9822364   35.27%
  17637 16099   113610.5179  4083   133654.7000    86517.2049  9828112   35.27%
Elapsed time = 10007.30 sec. (1974182.04 ticks, tree = 1659.85 MB, solutions = 13)
  17674 16249   111534.2913  3626   133654.7000    86521.3274  9916879   35.27%
  17715 16167   113867.7373  3794   133654.7000    86521.3274  9875876   35.27%
  17763 16183   114677.6071  3798   133654.7000    86521.3274  9881298   35.27%
  17805 16137   116346.2364  3818   133654.7000    86521.3274  9850417   35.27%
  17839 16087    95450.0369  4198   133654.7000    86521.3274  9810090   35.27%
  17876 16230   117701.8991  3704   133654.7000    86521.3274  9898380   35.27%
  17923 16380   117938.9795  3727   133654.7000    86521.3274 10018165   35.27%
  17957 16393   118510.9451  3715   133654.7000    86521.3274 10023827   35.27%
  17980 16407   119021.2080  3810   133654.7000    86521.3274 10029409   35.27%
  18009 16426   121203.6499  3693   133654.7000    86521.3274 10034820   35.27%
Elapsed time = 10229.30 sec. (2013049.48 ticks, tree = 1667.63 MB, solutions = 13)
  18025 16462    96814.2774  3921   133654.7000    86521.3274 10077076   35.27%
  18043 16310   109070.9924  4016   133654.7000    86521.3274  9998969   35.27%
  18063 16479    99007.2969  3828   133654.7000    86521.4636 10088268   35.26%
  18081 16490    99866.0854  3830   133654.7000    86521.4636 10093904   35.26%
  18104 16499   100591.9033  3890   133654.7000    86521.4636 10099602   35.26%
  18136 16511   101522.9221  3881   133654.7000    86521.4636 10105684   35.26%
  18171 16657   113601.3742  3843   133654.7000    86533.6369 10196435   35.26%
  18210 16610    96727.1754  4104   133654.7000    86533.6369 10173606   35.26%
  18243 16548   103953.1010  3614   133654.7000    86533.6369 10123608   35.26%
  18287 16699   117869.1609  3681   133654.7000    86533.6369 10212712   35.26%
Elapsed time = 10436.52 sec. (2052244.68 ticks, tree = 1668.80 MB, solutions = 13)
  18324 16713   118452.6244  3747   133654.7000    86533.6369 10218207   35.26%
  18359 16725   119129.6160  3572   133654.7000    86533.6369 10223832   35.26%
  18406 16755   102574.8338  4120   133654.7000    86533.6369 10277864   35.26%
  18462 16759   122951.8457  3644   133654.7000    86533.6369 10235232   35.26%
  18505 16875   104906.0338  4065   133654.7000    86533.6369 10373402   35.26%
  18531 16883   105653.9489  3955   133654.7000    86533.6369 10379108   35.26%
  18547 16896   106816.6974  3925   133654.7000    86533.6369 10385138   35.26%
  18568 17051   118690.0299  3730   133654.7000    86533.6369 10467665   35.26%
  18601 16919   109016.4867  3903   133654.7000    86537.1517 10396189   35.25%
  18628 17075   123999.8557  3637   133654.7000    86537.1517 10479507   35.25%
Elapsed time = 10646.28 sec. (2091634.32 ticks, tree = 1671.46 MB, solutions = 13)
  18653 17223   112346.4824  3729   133654.7000    86537.1517 10571429   35.25%
  18687 17110   126310.0510  3597   133654.7000    86537.1517 10491153   35.25%
  18727 17248   116174.4872  3635   133654.7000    86537.1517 10582718   35.25%
  18769 17153   127796.0068  3511   133654.7000    86537.1517 10502506   35.25%
  18796 17277   118070.0800  3602   133654.7000    86546.0860 10594480   35.25%
  18819 17291   126174.4628  3621   133654.7000    86546.0860 10600258   35.25%
  18837 17166   105523.5922  4191   133654.7000    86546.0860 10558210   35.25%
  18851 17275   104479.8288  4224   133654.7000    86546.0860 10635071   35.25%
  18868 17281   106714.7943  4114   133654.7000    86546.0860 10641131   35.25%
  18886 17289   109739.8366  4182   133654.7000    86546.0860 10646706   35.25%
Elapsed time = 10857.52 sec. (2131478.62 ticks, tree = 1672.34 MB, solutions = 13)
  18903 17300    88582.1158  4318   133654.7000    86546.0860 10614577   35.25%
  18920 17445   114346.9851  4131   133654.7000    86557.5927 10754577   35.24%
  18945 17455   115230.3881  4032   133654.7000    86557.5927 10760534   35.24%
  18974 17468   116664.5767  3906   133654.7000    86557.5927 10766556   35.24%
  19008 17405   102330.7777  4234   133654.7000    86557.5927 10723743   35.24%
  19048 17579   116479.1241  3934   133654.7000    86557.5927 10855653   35.24%
  19088 17523   102719.9461  4335   133654.7000    86557.5927 10821036   35.24%
  19121 17600   117693.9468  3899   133654.7000    86557.5927 10866927   35.24%
  19164 17614   118311.8529  3729   133654.7000    86557.5927 10872592   35.24%
  19191 17623   119390.1477  3801   133654.7000    86557.5927 10878354   35.24%
Elapsed time = 11064.56 sec. (2170668.40 ticks, tree = 1681.73 MB, solutions = 13)
  19205 17632   119937.9002  3708   133654.7000    86557.5927 10884386   35.24%
  19227 17645   120448.5565  3732   133654.7000    86564.6327 10890027   35.23%
  19261 17662   120812.5663  3676   133654.7000    86564.6327 10895672   35.23%
  19299 17611   120414.7911  4106   133654.7000    86564.6327 10943119   35.23%
  19320 17623   125584.9603  4036   133654.7000    86564.6327 10948535   35.23%
  19340 17631   126509.7733  4072   133654.7000    86564.6327 10954172   35.23%
  19367 17641   127288.1532  4077   133654.7000    86564.6327 10959804   35.23%
  19399 17942   129244.8764  3952   133654.7000    86564.6327 11150215   35.23%
  19426 17887    95515.8561  4171   133654.7000    86564.6327 11107880   35.23%
  19456 17961   130869.3148  3992   133654.7000    86586.3976 11161325   35.22%
Elapsed time = 11246.42 sec. (2209789.71 ticks, tree = 1703.65 MB, solutions = 13)
  19494 17836   127971.8794  3786   133654.7000    86586.3976 11076685   35.22%
  19526 17983   132233.1475  3915   133654.7000    86586.3976 11172396   35.22%
  19565 18001   132782.2253  3940   133654.7000    86586.3976 11177902   35.22%
  19611 18132   130241.0302  3672   133654.7000    86586.3976 11277277   35.22%
  19640 18149   130998.5768  3792   133654.7000    86586.3976 11283085   35.22%
  19664 17914   116605.4999  3969   133654.7000    86586.3976 11147426   35.22%
  19685 18041   119919.4937  3853   133654.7000    86586.3976 11250402   35.22%
  19710 18055   120965.7956  3789   133654.7000    86586.3976 11255671   35.22%
  19733 18065   122193.1429  3863   133654.7000    86612.3090 11261157   35.20%
  19767 18171    89030.5038  4378   133654.7000    86612.3090 11307059   35.20%
Elapsed time = 11415.23 sec. (2248839.35 ticks, tree = 1727.59 MB, solutions = 13)
  19798 18179   121769.0489  3877   133654.7000    86612.3090 11350210   35.20%
  19831 18180    91788.4962  4375   133654.7000    86612.3090 11318103   35.20%
  19867 18339   127259.2100  3799   133654.7000    86612.3883 11461008   35.20%
  19904 18255   107792.4798  4045   133654.7000    86612.3883 11417229   35.20%
  19936 18232   125407.2817  3578   133654.7000    86612.3883 11373212   35.20%
  19969 18377   129403.9534  3781   133654.7000    86612.3883 11477729   35.20%
  20011 18415   100569.3667  4155   133654.7000    86612.3883 11523193   35.20%
  20036 18519   126988.9233  3579   133654.7000    86612.3883 11563712   35.20%
  20062 18530   127403.5288  3554   133654.7000    86612.3883 11569303   35.20%
  20096 18440   106545.5993  3926   133654.7000    86612.3883 11540279   35.20%
Elapsed time = 11585.98 sec. (2288498.73 ticks, tree = 1759.23 MB, solutions = 13)
  20114 18448   107354.5636  3967   133654.7000    86612.3883 11545729   35.20%
  20134 18456   107953.2556  3914   133654.7000    86612.3883 11551332   35.20%
  20159 18548    88945.4737  4385   133654.7000    86625.7341 11582852   35.19%
  20186 18734   109238.2342  3870   133654.7000    86625.7341 11742116   35.19%
  20203 18744   109800.8042  3759   133654.7000    86625.7341 11747754   35.19%
  20218 18755   110129.8062  3725   133654.7000    86625.7341 11753379   35.19%
  20242 18768   110945.6145  3759   133654.7000    86625.7341 11758986   35.19%
  20267 18610    91562.5810  4240   133654.7000    86625.7341 11667724   35.19%
  20292 18615    92243.6935  4212   133654.7000    86625.9278 11673665   35.19%
  20324 18812   113039.8844  3711   133654.7000    86625.9278 11775904   35.19%
Elapsed time = 11759.36 sec. (2327674.11 ticks, tree = 1803.37 MB, solutions = 13)
  20353 18693   101950.1103  3449   133654.7000    86628.4246 11736745   35.18%
  20372 18846    97815.2485  3987   133654.7000    86628.4246 11860784   35.18%
  20389 18832    89673.6380  4430   133654.7000    86628.4246 11793832   35.18%
  20414 18804    98279.1044  4072   133654.7000    86628.4246 11822953   35.18%
  20433 18925   106081.9650  3594   133654.7000    86628.4246 11930880   35.18%
  20452 18931   105081.7510  3570   133654.7000    86628.5135 11936613   35.18%
  20472 18819   100090.8572  4013   133654.7000    86628.5135 11839426   35.18%
  20488 18822   102873.9329  3881   133654.7000    86628.5135 11845265   35.18%
  20509 18878   102318.8856  4074   133654.7000    86628.5135 11902892   35.18%
  20532 18956   107380.9880  3484   133654.7000    86628.5135 11961680   35.18%
Elapsed time = 11959.17 sec. (2368507.75 ticks, tree = 1820.54 MB, solutions = 13)
  20555 19061   104203.4239  3685   133654.7000    86628.5135 12047338   35.18%
  20584 18975   108398.2240  3410   133654.7000    86628.5135 11973227   35.18%
  20617 19082   106829.2103  3608   133654.7000    86628.5135 12059616   35.18%
  20642 19027   101666.7870  4098   133654.7000    86628.5135 12029320   35.18%
  20676 19217   109307.6606  3164   133654.7000    86628.5135 12183532   35.18%
  20717 19235   110907.0158  3151   133654.7000    86628.5135 12189880   35.18%
  20735 19112   108002.4133  3416   133654.7000    86628.5135 12083862   35.18%
  20753 19120   109934.3317  3417   133654.7000    86628.5135 12089911   35.18%
  20775 19130   109929.4173  3434   133654.7000    86635.6789 12095496   35.18%
  20800 19145   111361.6540  3835   133654.7000    86635.6789 12156553   35.18%
Elapsed time = 12296.69 sec. (2407957.50 ticks, tree = 1842.39 MB, solutions = 13)
  20825 19318   110599.9302  3359   133654.7000    86635.6789 12303691   35.18%
  20846 19253    96803.5328  4185   133654.7000    86635.6789 12223629   35.18%
  20871 19334   112293.1823  3174   133654.7000    86635.6789 12315665   35.18%
  20897 19346   112787.6888  3248   133654.7000    86635.6789 12322013   35.18%
  20918 19266   114802.0990  4009   133654.7000    86635.6789 12288073   35.18%
  20934 19395   113248.1517  3724   133654.7000    86635.6789 12388697   35.18%
  20951 19401   113380.3969  3649   133654.7000    86635.6789 12394219   35.18%
  20976 19524   118535.2460  3721   133654.7000    86635.6789 12505765   35.18%
  21000 19416   113964.0194  3720   133654.7000    86635.6789 12405404   35.18%
  21029 19539   119761.1738  3839   133654.7000    86635.6789 12517372   35.18%
Elapsed time = 12754.92 sec. (2447812.19 ticks, tree = 1889.62 MB, solutions = 13)
  21055 19432   114466.4156  3329   133654.7000    86635.6789 12417263   35.18%
  21078 19500   119978.3276  3902   133654.7000    86635.6789 12478635   35.18%
  21101 19509   121758.3589  3844   133654.7000    86640.1024 12484173   35.18%
  21134 19519   123344.6175  3872   133654.7000    86640.1024 12489924   35.18%
  21167 19590   111576.3521  4267   133654.7000    86640.1024 12582693   35.18%
  21194 19747   124962.6706  3666   133654.7000    86640.1024 12700205   35.18%
  21225 19766   125596.0165  3704   133654.7000    86640.1024 12705702   35.18%
  21250 19776   126198.3248  3650   133654.7000    86640.1024 12711602   35.18%
  21288 19797   126819.2453  3711   133654.7000    86640.1024 12717027   35.18%
  21317 19622   119377.2346  3961   133654.7000    86640.1024 12611130   35.18%
Elapsed time = 13207.14 sec. (2487747.84 ticks, tree = 1899.72 MB, solutions = 13)
  21348 19630   120822.1977  4025   133654.7000    86640.1024 12616703   35.18%
  21358 19640   121814.4196  3976   133654.7000    86640.1024 12622608   35.18%
  21370 19664   115439.6900  3456   133654.7000    86640.1024 12638028   35.18%
  21382 19676   117841.1312  3386   133654.7000    86640.1024 12644048   35.18%
  21397 19691   116995.1820  3171   133654.7000    86640.1024 12650899   35.18%
  21409 19868   118533.3454  3125   133654.7000    86640.1024 12792168   35.18%
  21417 19876   118322.1523  3246   133654.7000    86640.1024 12798463   35.18%
  21443 19900   119520.4831  3263   133654.7000    86640.1024 12804257   35.18%
  21456 19912   123864.7823  3060   133654.7000    86640.1024 12811677   35.18%
  21475 19838    90132.9300  4442   133654.7000    86640.1024 12795473   35.18%
Elapsed time = 13649.81 sec. (2530498.19 ticks, tree = 1925.17 MB, solutions = 13)
  21477 19930    89112.8355  4542   133654.7000    86640.6311 12824931   35.18%
  21483 19933    94318.3471  4399   133654.7000    86640.6311 12831553   35.18%
  21498 19892    95796.3066  4202   133654.7000    86640.6311 12837485   35.18%
  21515 19965   123603.0042  3934   133654.7000    86640.6311 12884792   35.18%
  21538 19977   124199.1879  3847   133654.7000    86640.6311 12890257   35.18%
  21556 19989   124878.9413  3846   133654.7000    86640.6311 12895726   35.18%
  21587 19910   111750.8729  4132   133654.7000    86640.6670 12859182   35.18%
  21610 20018   126070.1852  3705   133654.7000    86640.6670 12907078   35.18%
  21635 20031   127053.7486  3782   133654.7000    86640.6670 12912376   35.18%
  21662 20044   127404.8919  3646   133654.7000    86640.6670 12917852   35.18%
Elapsed time = 13900.72 sec. (2571685.69 ticks, tree = 1949.84 MB, solutions = 13)
  21695 20068    99043.7751  4262   133654.7000    86640.6670 12949403   35.18%
  21715 20194   124020.5110  4130   133654.7000    86640.6670 13049305   35.18%
  21736 20191   114687.6295  3975   133654.7000    86640.6670 13015714   35.18%
  21759 20201   115214.9629  4005   133654.7000    86640.6670 13021155   35.18%
  21783 20216   126541.8190  3984   133654.7000    86640.6670 13065966   35.18%
  21804 20217   117347.2469  3959   133654.7000    86640.6670 13032033   35.18%
  21832 20230   128770.3185  3585   133654.7000    86656.4502 13077520   35.16%
  21868 20360   114304.5385  3930   133654.7000    86656.4502 13191988   35.16%
  21898 20439   133250.3473  3913   133654.7000    86656.4502 13251759   35.16%
  21932 20271   131900.3436  3600   133654.7000    86656.4502 13094573   35.16%
Elapsed time = 14076.47 sec. (2611159.29 ticks, tree = 1976.66 MB, solutions = 13)
  21963 20321   104479.8672  4184   133654.7000    86656.4502 13144800   35.16%
  21979 20402   119883.1025  3726   133654.7000    86656.4502 13213897   35.16%
  21999 20417   120713.1710  3694   133654.7000    86656.4502 13219270   35.16%
  22023 20433   121384.8671  3675   133654.7000    86656.4502 13224856   35.16%
  22050 20335   118227.9981  3957   133654.7000    86656.4502 13166763   35.16%
  22080 20527    91117.9961  4313   133654.7000    86657.0282 13324713   35.16%
  22116 20534    91980.7542  4316   133654.7000    86657.0282 13330069   35.16%
  22151 20492   125186.8159  3737   133654.7000    86657.0282 13247969   35.16%
* 22165+20495                       133449.9000    86657.0282            35.06%
  22177 20479    97080.3185  4145   133449.9000    86657.0282 13306652   35.06%
  22199 20553    94505.7751  4013   133449.9000    86657.0282 13346395   35.06%
Elapsed time = 14357.11 sec. (2650188.03 ticks, tree = 2010.82 MB, solutions = 14)
  22224 20719    91318.2856  4412   133449.9000    86657.0282 13465063   35.06%
  22243 20564    96575.4032  3989   133449.9000    86660.3216 13357824   35.06%

GUB cover cuts applied:  368
Cover cuts applied:  29
Implied bound cuts applied:  382
Flow cuts applied:  478
Mixed integer rounding cuts applied:  4712
Zero-half cuts applied:  284
Lift and project cuts applied:  12
Gomory fractional cuts applied:  4

Root node processing (before b&c):
  Real time             =  159.83 sec. (40055.03 ticks)
Parallel b&c, 4 threads:
  Real time             = 14244.80 sec. (2618471.82 ticks)
  Sync time (average)   =  168.26 sec.
  Wait time (average)   =    0.09 sec.
                          ------------
Total (root+branch&cut) = 14404.62 sec. (2658526.85 ticks)
