Version identifier: 22.1.1.0 | 2022-11-27 | 9160aff4d
CPXPARAM_Read_DataCheck                          1
CPXPARAM_TimeLimit                               14400
1 of 1 MIP starts provided solutions.
MIP start 'm1' defined initial solution with objective 58344.6500.
Tried aggregator 4 times.
MIP Presolve eliminated 19985 rows and 31548 columns.
MIP Presolve added 658 rows and 0 columns.
MIP Presolve modified 41437 coefficients.
Aggregator did 1609 substitutions.
Reduced MIP has 12729 rows, 17793 columns, and 61992 nonzeros.
Reduced MIP has 11213 binaries, 6580 generals, 0 SOSs, and 0 indicators.
Presolve time = 0.31 sec. (136.05 ticks)
Probing time = 0.05 sec. (5.68 ticks)
Tried aggregator 6 times.
MIP Presolve eliminated 2554 rows and 3776 columns.
MIP Presolve modified 14 coefficients.
Aggregator did 452 substitutions.
Reduced MIP has 9723 rows, 13565 columns, and 47024 nonzeros.
Reduced MIP has 8425 binaries, 5140 generals, 0 SOSs, and 0 indicators.
Presolve time = 0.11 sec. (75.54 ticks)
Probing time = 0.03 sec. (4.23 ticks)
Tried aggregator 5 times.
Detecting symmetries...
MIP Presolve eliminated 1114 rows and 990 columns.
MIP Presolve modified 170 coefficients.
Aggregator did 578 substitutions.
Reduced MIP has 8031 rows, 11997 columns, and 41066 nonzeros.
Reduced MIP has 6857 binaries, 5140 generals, 0 SOSs, and 0 indicators.
Presolve time = 0.12 sec. (76.68 ticks)
Probing time = 0.06 sec. (4.60 ticks)
Clique table members: 12934.
MIP emphasis: balance optimality and feasibility.
MIP search method: dynamic search.
Parallel mode: deterministic, using up to 4 threads.
Root relaxation solution time = 0.27 sec. (92.77 ticks)

        Nodes                                         Cuts/
   Node  Left     Objective  IInf  Best Integer    Best Bound    ItCnt     Gap

*     0+    0                        58344.6500      503.1400            99.14%
      0     0     6226.7961   240    58344.6500     6226.7961     4201   89.33%
      0     0    26607.8727   674    58344.6500     Cuts: 822     7057   54.40%
      0     0    31596.9397  1309    58344.6500     Cuts: 581     8790   45.84%
      0     0    34615.4232  1350    58344.6500     Cuts: 613    10490   40.67%
      0     0    35501.8693  1345    58344.6500     Cuts: 487    11798   39.15%
      0     0    35993.5968  1514    58344.6500     Cuts: 288    12852   38.31%
Detecting symmetries...
      0     0    36260.6800  1381    58344.6500     Cuts: 259    13762   37.85%
      0     0    36411.3484  1558    58344.6500     Cuts: 166    14346   37.59%
      0     0    36513.2167  1592    58344.6500     Cuts: 196    14865   37.42%
      0     0    36619.4669  1721    58344.6500     Cuts: 149    15594   37.24%
      0     0    36741.4992  1950    58344.6500     Cuts: 142    16221   37.03%
      0     0    36815.8635  1860    58344.6500     Cuts: 183    16750   36.90%
      0     0    36975.6319  1938    58344.6500     Cuts: 154    17226   36.63%
      0     0    37130.8653  1861    58344.6500     Cuts: 168    17824   36.36%
      0     0    37259.8798  1968    58344.6500     Cuts: 152    18511   36.14%
      0     0    37292.9838  1863    58344.6500     Cuts: 101    18865   36.08%
      0     0    37405.6184  1881    58344.6500      Cuts: 83    19245   35.89%
      0     0    37463.0279  1854    58344.6500     Cuts: 101    19607   35.79%
      0     0    37567.8462  1944    58344.6500     Cuts: 130    19963   35.61%
      0     0    37612.5326  2020    58344.6500     Cuts: 128    20257   35.53%
      0     0    37667.8862  1991    58344.6500      Cuts: 84    20560   35.44%
      0     0    37677.2789  2037    58344.6500      Cuts: 94    20808   35.42%
      0     0    37694.2487  2070    58344.6500      Cuts: 78    21043   35.39%
      0     0    37703.2922  2007    58344.6500      Cuts: 63    21250   35.38%
      0     0    37726.2376  2103    58344.6500      Cuts: 53    21451   35.34%
      0     0    37759.5988  2114    58344.6500      Cuts: 52    21724   35.28%
      0     0    37771.3667  1972    58344.6500      Cuts: 52    21893   35.26%
      0     0    37781.1256  2050    58344.6500      Cuts: 39    22065   35.24%
      0     0    37788.4474  1973    58344.6500      Cuts: 36    22240   35.18%
      0     0    39159.5920  1954    58344.6500     Cuts: 144    24043   32.88%
      0     0    39376.8797  1856    58344.6500     Cuts: 270    24892   32.51%
      0     0    39432.2864  1940    58344.6500     Cuts: 156    25338   32.41%
      0     0    39501.5268  1952    58344.6500     Cuts: 125    25874   32.30%
      0     0    39552.3252  1983    58344.6500     Cuts: 112    26312   32.21%
      0     0    39600.7986  2026    58344.6500     Cuts: 102    26768   32.13%
      0     0    39634.3310  1960    58344.6500      Cuts: 69    27086   32.07%
      0     0    39659.4741  2018    58344.6500      Cuts: 88    27349   32.03%
      0     0    39721.5265  2027    58344.6500      Cuts: 63    27650   31.92%
      0     0    39730.0257  2023    58344.6500      Cuts: 80    27892   31.90%
Detecting symmetries...
      0     2    39730.0257  1954    58344.6500    39730.0257    27892   31.90%
Elapsed time = 51.83 sec. (15099.22 ticks, tree = 0.02 MB, solutions = 1)
      1     3    42566.4013  1782    58344.6500    39730.1161    29919   31.90%
      3     5    47321.5924  1631    58344.6500    39730.1161    31327   31.90%
      5     7    47336.0176  1647    58344.6500    39730.1161    33707   31.90%
      7     9    47377.4727  1641    58344.6500    39730.1161    35411   31.90%
     10    12    47383.0717  1624    58344.6500    39730.1161    35675   31.90%
     14    16    47501.2325  1605    58344.6500    39730.1161    36507   31.90%
     21    23    50084.6485  1402    58344.6500    39730.1161    37750   31.90%
     28    30    50167.1651  1396    58344.6500    39737.7999    38848   31.89%
     33    33    50389.5248  1396    58344.6500    39769.0359    39202   31.84%
     71    55    54949.4318  1242    58344.6500    39804.0022    46561   31.78%
Elapsed time = 65.06 sec. (19500.97 ticks, tree = 1.50 MB, solutions = 1)
    129   108    56695.8752  1182    58344.6500    39804.0022    65894   31.78%
    233   172    44485.5955  1492    58344.6500    39804.0022    77254   31.78%
    291   234    44743.5371  1207    58344.6500    39804.0022    86381   31.78%
    328   265    54031.3561  1068    58344.6500    39804.0022    92084   31.78%
    388   288    43469.5356  1588    58344.6500    39908.9864    96980   31.60%
    439   362    46385.5939  1471    58344.6500    39908.9864   109823   31.60%
    528   392    54126.7926  1324    58344.6500    39908.9864   118219   31.60%
    602   501    infeasible          58344.6500    39908.9864   137443   31.60%
    702   599    43021.2248  1668    58344.6500    39954.9361   153071   31.52%
    808   637    39991.9282  1955    58344.6500    39961.0394   158882   31.51%
Elapsed time = 106.95 sec. (29220.97 ticks, tree = 35.27 MB, solutions = 1)
    881   719    41349.3043  1765    58344.6500    39961.0394   171646   31.51%
    983   810    53085.4015  1601    58344.6500    39961.0394   181322   31.51%
   1082   963    49449.4168  1647    58344.6500    40035.3807   198246   31.38%
   1233   991    55812.4081   964    58344.6500    40084.5325   203529   31.30%

Performing restart 1

Repeating presolve.
Tried aggregator 1 time.
Reduced MIP has 8031 rows, 11997 columns, and 41066 nonzeros.
Reduced MIP has 6857 binaries, 5140 generals, 0 SOSs, and 0 indicators.
Presolve time = 0.05 sec. (21.21 ticks)
Tried aggregator 1 time.
Reduced MIP has 8031 rows, 11997 columns, and 41066 nonzeros.
Reduced MIP has 6857 binaries, 5140 generals, 0 SOSs, and 0 indicators.
Presolve time = 0.05 sec. (27.10 ticks)
Represolve time = 0.27 sec. (87.26 ticks)
   1279     0    42776.6144  1865    58344.6500    Cuts: 2107   234616   26.68%
   1279     0    44106.4480  1870    58344.6500    Cuts: 2107   237846   24.40%
   1279     0    44824.4193  1916    58344.6500    Cuts: 2107   240447   23.17%
   1279     0    45459.5192  2105    58344.6500    Cuts: 2107   243143   22.08%
   1279     0    45956.6099  2047    58344.6500    Cuts: 2107   245594   21.23%
   1279     0    46470.9086  1954    58344.6500    Cuts: 2107   248040   20.35%
   1279     0    46868.2406  1961    58344.6500    Cuts: 2107   250413   19.67%
   1279     0    47103.7261  1938    58344.6500    Cuts: 2107   252338   19.27%
   1279     0    47718.2944  1965    58344.6500    Cuts: 2107   254868   18.21%
   1279     0    48063.0909  2067    58344.6500    Cuts: 2107   256793   17.62%
   1279     0    48442.8771  1983    58344.6500    Cuts: 2107   259437   16.97%
   1279     0    48697.2627  2108    58344.6500    Cuts: 2063   261491   16.54%
   1279     0    48892.2368  2064    58344.6500    Cuts: 1913   263720   16.20%
   1279     0    49070.8843  2043    58344.6500    Cuts: 1576   265549   15.89%
   1279     0    49234.0045  2038    58344.6500    Cuts: 1354   266964   15.62%
   1279     0    49386.5808  2050    58344.6500    Cuts: 1201   268647   15.35%
   1279     0    49512.7693  1942    58344.6500    Cuts: 1784   270399   15.14%
   1279     0    49587.9198  2011    58344.6500    Cuts: 1266   271679   15.01%
   1279     0    49672.0722  2086    58344.6500    Cuts: 1376   273099   14.86%
   1279     0    49713.4572  2044    58344.6500    Cuts: 1571   274395   14.79%
   1279     0    49755.4070  2121    58344.6500    Cuts: 1280   275531   14.72%
   1279     0    49801.1964  1945    58344.6500    Cuts: 1079   276607   14.64%
   1279     0    49828.7163  1928    58344.6500    Cuts: 1160   277590   14.60%
   1279     0    49862.1696  1973    58344.6500    Cuts: 1019   278746   14.54%
   1279     0    49895.3545  1921    58344.6500    Cuts: 1265   279732   14.48%
   1279     0    49914.6885  1974    58344.6500     Cuts: 965   280658   14.45%
   1279     0    49936.0418  1594    58344.6500     Cuts: 958   281314   14.41%
   1279     0    49948.2992  2076    58344.6500     Cuts: 683   281967   14.39%
   1279     0    49955.9967  1638    58344.6500     Cuts: 542   282415   14.38%
   1279     0    49961.0036  2090    58344.6500     Cuts: 424   282997   14.37%
   1279     0    49968.9828  1577    58344.6500     Cuts: 462   283542   14.36%
   1279     0    49981.0132  1592    58344.6500    Cuts: 1506   284336   14.33%
   1279     0    49984.1693  1623    58344.6500     Cuts: 935   284820   14.33%
   1279     0    49989.4085  1670    58344.6500     Cuts: 764   285402   14.32%
   1279     0    49994.0275  1671    58344.6500     Cuts: 656   285879   14.31%
   1279     2    49994.0275  1528    58344.6500    49994.0275   285879   14.31%
   1282     5    50611.7974  1685    58344.6500    49995.6745   289096   14.31%
   1284     7    50800.9654  1693    58344.6500    49995.6745   294063   14.31%
   1288     8    50169.4476  1432    58344.6500    49995.6745   297742   14.31%
   1293    11    50343.1633  1664    58344.6500    49995.6745   302776   14.31%
   1299    14    53734.6968  1641    58344.6500    49995.6745   311980   14.31%
Elapsed time = 385.42 sec. (101508.07 ticks, tree = 0.05 MB, solutions = 1)
   1306    26    51199.9376  1663    58344.6500    50022.8199   328552   14.26%
   1315    35    51303.4248  1821    58344.6500    50065.5768   341618   14.19%
   1323    41    51045.3870  1622    58344.6500    50065.5768   353953   14.19%
   1335    48    50877.6081  1756    58344.6500    50065.5768   367636   14.19%
   1343    61    51419.9487  1544    58344.6500    50065.5768   390571   14.19%
   1349    56    51412.5798  1430    58344.6500    50065.5768   378480   14.19%
   1357    65    50849.9945  1801    58344.6500    50065.5768   405564   14.19%
   1365    82    50850.8510  1825    58344.6500    50065.5768   426318   14.19%
   1377    86    51884.3742  1457    58344.6500    50065.5768   441042   14.19%
   1396   102    50902.1967  1492    58344.6500    50065.5768   445639   14.19%
Elapsed time = 430.62 sec. (112046.79 ticks, tree = 1.75 MB, solutions = 1)
   1407   101    52386.2354  2040    58344.6500    50065.5768   462002   14.19%
   1422   116    52050.9298  1409    58344.6500    50065.5768   469206   14.19%
   1438   135    52788.8789  2044    58344.6500    50065.5768   485997   14.19%
   1453   147    52464.1505  1528    58344.6500    50065.5768   494683   14.19%
   1464   164    52286.9876  1415    58344.6500    50065.5768   502716   14.19%
   1493   180    52562.8493  1428    58344.6500    50065.5768   510821   14.19%
   1506   183    53377.8592  1414    58344.6500    50065.5768   513619   14.19%
   1522   196    52420.7277  1454    58344.6500    50065.5768   519587   14.19%
   1543   217    53535.4897  1792    58344.6500    50065.5768   526002   14.19%
   1554   200    52651.4724  1611    58344.6500    50065.5768   522802   14.19%
Elapsed time = 475.91 sec. (122288.79 ticks, tree = 7.37 MB, solutions = 1)
   1566   266    53342.9818  1791    58344.6500    50065.5768   554577   14.19%
   1582   254    55846.2082  1521    58344.6500    50065.5768   549243   14.19%
   1601   257    54538.9374  1507    58344.6500    50065.5768   551069   14.19%
   1624   303    53340.3664  1544    58344.6500    50065.5768   575338   14.19%
   1650   324    52519.8053  1435    58344.6500    50065.5768   584837   14.19%
   1682   335    54200.5978  1525    58344.6500    50065.5768   582841   14.19%
   1715   346    53513.6760   956    58344.6500    50065.5768   590535   14.19%
   1748   365    52268.3586  1402    58344.6500    50065.5768   597375   14.19%
   1791   432    53265.8108  1013    58344.6500    50065.5768   616479   14.19%
   1833   440    53558.9302   947    58344.6500    50065.5768   619368   14.19%
Elapsed time = 519.97 sec. (132188.36 ticks, tree = 25.98 MB, solutions = 1)
   1865   413    58024.8404  1390    58344.6500    50065.5768   612039   14.19%
   1902   531    54220.6350  1046    58344.6500    50065.5768   646505   14.19%
   1919   585    52836.4116  1350    58344.6500    50065.5768   664809   14.19%
   1933   596    55178.5060  1262    58344.6500    50065.5768   672314   14.19%
   1958   603    55272.5074  1350    58344.6500    50065.5768   675407   14.19%
   1978   632    52909.8482  1347    58344.6500    50065.5768   689439   14.19%
   2005   640    54586.8068  1348    58344.6500    50065.5768   692346   14.19%
   2040   650    54535.6367  1336    58344.6500    50065.5768   696025   14.19%
   2072   684    55597.8179  1095    58344.6500    50065.5768   707184   14.19%
   2112   711    53000.4321   933    58344.6500    50065.5768   719583   14.19%
Elapsed time = 564.14 sec. (142126.85 ticks, tree = 45.06 MB, solutions = 1)
   2132   741    55651.0927  1240    58344.6500    50065.5768   731696   14.19%
   2179   813    53118.6245   750    58344.6500    50065.5768   746636   14.19%
   2215   839    56321.1293  1219    58344.6500    50065.5768   756623   14.19%
   2259   843    53938.0418   758    58344.6500    50065.5768   752564   14.19%
   2292   887    53670.5531   838    58344.6500    50270.9161   766305   13.84%
   2326   895    56196.3099   855    58344.6500    50270.9161   768457   13.84%
   2371   982    53769.0533   902    58344.6500    50270.9161   796226   13.84%
   2413   995    54038.0794   825    58344.6500    50270.9161   798846   13.84%
   2445  1032    57011.3317   914    58344.6500    50270.9161   806805   13.84%
   2490  1043    57594.9492   943    58344.6500    50270.9161   809430   13.84%
Elapsed time = 607.12 sec. (152067.17 ticks, tree = 71.27 MB, solutions = 1)
   2557  1125    55089.7789   925    58344.6500    50270.9161   837998   13.84%
   2575  1138    53028.6470  1476    58344.6500    50270.9161   847187   13.84%
   2601  1214    55830.9491   751    58344.6500    50270.9161   862437   13.84%
   2623  1226    55614.9246   856    58344.6500    50358.4794   864742   13.69%
   2650  1242    55723.5446   730    58344.6500    50358.4794   867870   13.69%
   2671  1212    51430.7742  1860    58344.6500    50358.4794   870217   13.69%
   2681  1282    55142.9596  1592    58344.6500    50358.4794   887908   13.69%
   2694  1290    54966.0233  1581    58344.6500    50358.4794   890956   13.69%
   2705  1309    54340.3708  1627    58344.6500    50358.4794   905709   13.69%
   2716  1307    53061.7646  2069    58344.6500    50358.4794   916657   13.69%
Elapsed time = 649.02 sec. (162673.39 ticks, tree = 93.87 MB, solutions = 1)
   2727  1310    53472.6854  1992    58344.6500    50358.4794   919022   13.69%
   2743  1317    54048.8706  1937    58344.6500    50358.4794   921633   13.69%
   2766  1342        cutoff          58344.6500    50358.4794   941226   13.69%
   2780  1366    55089.7310  1606    58344.6500    50358.4794   949070   13.69%
   2789  1375    55816.3449  1596    58344.6500    50358.4794   951529   13.69%
   2805  1406    56348.9552  1589    58344.6500    50358.4794   973204   13.69%
   2832  1369    51563.6173  2071    58344.6500    50358.4794   962918   13.69%
   2851  1372    52310.3446  2006    58344.6500    50358.4794   965714   13.69%
   2871  1473    58176.2129  1288    58344.6500    50358.4794   993257   13.69%
   2955  1472    51955.8995  2167    58344.6500    50358.4794  1003234   13.69%
Elapsed time = 700.23 sec. (175482.38 ticks, tree = 105.60 MB, solutions = 1)
   3061  1607    56468.9148  1485    58344.6500    50358.4794  1053824   13.69%
   3182  1675    55535.6367  1663    58344.6500    50765.2847  1086753   12.99%
   3232  1789    53788.8068  1985    58344.6500    50765.2847  1130729   12.99%
   3309  1861    56421.0484  2029    58344.6500    50765.2847  1175322   12.99%
   3391  1878    56937.1793  1976    58344.6500    50765.2847  1183302   12.99%
   3508  2000    57033.0809  1464    58344.6500    50765.2847  1231542   12.99%
   3632  2108    58308.1943  1066    58344.6500    50800.0209  1268608   12.93%
   3729  2184    57658.1424  1796    58344.6500    50800.0209  1314889   12.93%
   3807  2209    56312.7422  1837    58344.6500    50800.0209  1338957   12.93%
   3941  2309    58295.3382  1795    58344.6500    50800.0209  1389893   12.93%
Elapsed time = 854.97 sec. (213968.79 ticks, tree = 177.13 MB, solutions = 1)
   4002  2331    58140.1273  1260    58344.6500    50800.0209  1403393   12.93%
   4066  2443    57639.9107  1720    58344.6500    50865.8867  1459130   12.82%
   4141  2509    57648.6169  1678    58344.6500    50865.8867  1497821   12.82%
   4286  2571    55490.2673  1949    58344.6500    50865.8867  1529713   12.82%
   4407  2710    53537.0886  1967    58344.6500    50865.8867  1578898   12.82%
   4450  2768    51682.4806  2081    58344.6500    50881.0802  1613562   12.79%
   4498  2806    54612.1748  2028    58344.6500    50881.0802  1633296   12.79%
   4576  2863    56296.4090  2013    58344.6500    50881.0802  1675786   12.79%
   4677  2888    53869.6162  1946    58344.6500    50881.0802  1699284   12.79%
   4726  3026    54830.3982  1901    58344.6500    50881.0802  1749249   12.79%
Elapsed time = 1008.28 sec. (252656.82 ticks, tree = 231.32 MB, solutions = 1)
   4772  3026    52447.9545  2106    58344.6500    50881.0802  1748684   12.79%
   4841  3070    52799.2490  2057    58344.6500    50881.0802  1780070   12.79%
   4878  3116    54131.8843  2098    58344.6500    50919.0125  1818323   12.73%
   4898  3181    55701.4142  2015    58344.6500    50919.0125  1875611   12.73%
   4944  3204        cutoff          58344.6500    50919.0125  1912534   12.73%
   4984  3221    51941.2118  2120    58344.6500    50919.0125  1935824   12.73%
   5049  3244    56149.6899  2151    58344.6500    50919.0125  1954272   12.73%
   5169  3309    55005.6187  1618    58344.6500    50919.0125  1992224   12.73%
   5256  3430    56367.7772  1564    58344.6500    50945.1912  2037123   12.68%
   5395  3489    58209.3680  1270    58344.6500    50945.1912  2046898   12.68%
Elapsed time = 1165.75 sec. (291598.43 ticks, tree = 269.77 MB, solutions = 1)
   5496  3485        cutoff          58344.6500    50945.1912  2085493   12.68%
   5539  3686    55071.9234  2227    58344.6500    50975.9136  2119188   12.63%
   5598  3721    52372.1532  1984    58344.6500    51010.2896  2157458   12.57%
   5667  3747    54640.5070  1656    58344.6500    51010.2896  2176606   12.57%
   5736  3868    57402.5491  1999    58344.6500    51016.5243  2247738   12.56%
   5868  3888    55430.1279  2009    58344.6500    51045.8152  2257361   12.51%
   5954  4018    57350.6196  1898    58344.6500    51045.8152  2313419   12.51%
   5989  4023    57569.1952  1852    58344.6500    51046.3474  2322966   12.51%
   6053  4066    56523.7600  2048    58344.6500    51053.9686  2344835   12.50%
   6130  4215    57558.4909  1606    58344.6500    51053.9686  2422483   12.50%
Elapsed time = 1322.09 sec. (330004.68 ticks, tree = 336.37 MB, solutions = 1)
   6233  4271    56314.2787  1531    58344.6500    51053.9686  2467459   12.50%
   6292  4343    57473.6951  1783    58344.6500    51056.3258  2488181   12.49%
   6349  4394    54222.3520  1825    58344.6500    51062.0551  2533947   12.48%
   6413  4409    57615.7928  1765    58344.6500    51062.0551  2556308   12.48%
   6490  4498    56849.1047  1848    58344.6500    51062.0551  2601665   12.48%
   6543  4509    54834.0062  1977    58344.6500    51096.3234  2620783   12.42%
   6598  4522    55097.5192  1772    58344.6500    51112.5953  2630811   12.40%
   6630  4613    57841.8454  2003    58344.6500    51152.8383  2708064   12.33%
   6669  4635    55115.5385  2138    58344.6500    51152.8383  2742122   12.33%
   6692  4654    52681.5571  2102    58344.6500    51183.5253  2760890   12.27%
Elapsed time = 1484.64 sec. (368984.51 ticks, tree = 376.04 MB, solutions = 1)
   6734  4695    52954.4724  2039    58344.6500    51191.3005  2821888   12.26%
   6763  4710    54101.2229  1996    58344.6500    51191.3005  2837450   12.26%
   6794  4736    54490.7920  1954    58344.6500    51207.5939  2877624   12.23%
   6853  4753    54801.1068  1924    58344.6500    51207.5939  2886456   12.23%
   6918  4785    58344.3095  1760    58344.6500    51207.5939  2906206   12.23%
   6959  4836    56621.0503  1699    58344.6500    51207.5939  2951668   12.23%
   7051  4937    56148.5870   982    58344.6500    51207.9781  3015772   12.23%
   7128  4971    56647.3906  1133    58344.6500    51235.1548  3024675   12.19%
   7283  4913    54258.0278  1955    58344.6500    51235.1548  3036393   12.19%
   7331  5107        cutoff          58344.6500    51285.1344  3121835   12.10%
Elapsed time = 1648.14 sec. (407876.96 ticks, tree = 417.45 MB, solutions = 1)
   7456  5160    58014.4630   910    58344.6500    51286.3653  3132783   12.10%
   7515  5221    52847.4970  1839    58344.6500    51295.5951  3175113   12.08%
   7589  5328    54841.9882  1899    58344.6500    51295.5951  3213600   12.08%
   7672  5406    55401.5401  1856    58344.6500    51303.4659  3272264   12.07%
   7826  5505    58164.2198  1108    58344.6500    51303.4659  3292300   12.07%
   7945  5678    57970.3735  1447    58344.6500    51303.4659  3347227   12.07%
   7976  5730    55619.9301  1985    58344.6500    51304.0019  3369563   12.07%
   8021  5750    57252.8940  1661    58344.6500    51304.0019  3378306   12.07%
   8071  5760    51719.8406  1658    58344.6500    51347.9427  3386320   11.99%
   8114  5775    56148.6795  1903    58344.6500    51349.4075  3423222   11.99%
Elapsed time = 1813.48 sec. (446598.95 ticks, tree = 481.71 MB, solutions = 1)
   8188  5878    58232.6798  2006    58344.6500    51349.4075  3504067   11.99%
   8232  5913    54981.5309  1964    58344.6500    51349.4075  3485445   11.99%
   8270  5983    55186.0225  1967    58344.6500    51349.4075  3565505   11.99%
   8321  5996    57698.8435  1770    58344.6500    51349.4075  3560063   11.99%
   8394  6082    56984.8277  1365    58344.6500    51349.4075  3633214   11.99%
   8509  6054    56987.4440  1858    58344.6500    51349.4075  3628103   11.99%
   8640  6191    55625.2762  1244    58344.6500    51356.1247  3683397   11.98%
   8744  6384    56835.4894  1449    58344.6500    51386.7554  3763895   11.93%
   8860  6421    55400.1908  2000    58344.6500    51387.0457  3789147   11.93%
   8913  6442    56742.1846  2051    58344.6500    51387.0457  3798174   11.93%
Elapsed time = 1975.72 sec. (485051.50 ticks, tree = 533.85 MB, solutions = 1)
   8972  6426    54739.6150  1925    58344.6500    51398.1929  3816798   11.91%
   9031  6578    57605.8213  1225    58344.6500    51403.6144  3869359   11.90%
   9092  6656    52664.4901  2036    58344.6500    51403.6144  3925646   11.90%
   9151  6631    53943.1371  1761    58344.6500    51403.6144  3901746   11.90%
   9201  6739    53811.0734  1776    58344.6500    51412.8629  3984028   11.88%
   9271  6745    56102.3336  2074    58344.6500    51412.8629  3970454   11.88%
   9356  6781    58087.3817  1962    58344.6500    51412.8629  4017337   11.88%
   9401  6922    52673.9474  2127    58344.6500    51412.8629  4110998   11.88%
   9455  6911    54994.1366  1981    58344.6500    51412.8629  4100651   11.88%
   9522  6932    56420.1095  2018    58344.6500    51412.8629  4109864   11.88%
Elapsed time = 2140.84 sec. (523938.02 ticks, tree = 581.73 MB, solutions = 1)
   9627  7045    57955.8212  1031    58344.6500    51412.8629  4173243   11.88%
   9678  7145    57548.3476  1926    58344.6500    51412.8629  4235983   11.88%
   9712  7076    52689.5938  2003    58344.6500    51417.5020  4204849   11.87%
   9752  7220    56590.9732  1894    58344.6500    51422.1546  4285620   11.86%
   9827  7293    56257.0079  1998    58344.6500    51425.6909  4355611   11.86%
   9884  7310    57220.5624  1983    58344.6500    51425.6909  4363361   11.86%
   9971  7384    55807.3086  1935    58344.6500    51425.6909  4434314   11.86%
   9999  7362    55374.4796  1835    58344.6500    51430.5767  4419836   11.85%
  10044  7369    54242.5681  1997    58344.6500    51430.5767  4428587   11.85%
  10086  7497    56516.9622  2024    58344.6500    51433.6801  4495516   11.85%
Elapsed time = 2301.64 sec. (562792.43 ticks, tree = 625.16 MB, solutions = 1)
  10143  7491    57181.9554  1853    58344.6500    51433.6801  4498917   11.85%
  10194  7536    55812.6085  1970    58344.6500    51433.6801  4537459   11.85%
  10249  7625        cutoff          58344.6500    51434.6387  4601106   11.84%
  10297  7629    54665.1164  1999    58344.6500    51434.6387  4610051   11.84%
  10323  7641    56034.0264  1987    58344.6500    51434.6387  4616853   11.84%
  10374  7747    57340.8636  1971    58344.6500    51434.6512  4705557   11.84%
  10422  7728    58207.1286  1874    58344.6500    51438.7923  4693041   11.84%
  10462  7782    54453.3835  1969    58344.6500    51438.7923  4748121   11.84%
  10507  7843    54388.8594  1770    58344.6500    51448.5535  4820610   11.82%
  10567  7903    58281.3865  1903    58344.6500    51448.5535  4850665   11.82%
Elapsed time = 2467.56 sec. (601453.54 ticks, tree = 666.31 MB, solutions = 1)
  10626  7922    57392.7361  1821    58344.6500    51448.5861  4885175   11.82%
  10661  7912    54698.9469  1937    58344.6500    51448.5861  4866462   11.82%
  10698  8038    53129.1579  2175    58344.6500    51458.4214  4986189   11.80%
  10760  7994    56314.9196  1907    58344.6500    51458.4214  4945265   11.80%
  10820  8016    57685.2540  1998    58344.6500    51458.9401  4954544   11.80%
  10884  8074    56481.6225  1884    58344.6500    51463.4027  5029210   11.79%
  10951  8150    55954.9482  2000    58344.6500    51470.7798  5087139   11.78%
  10997  8216    55724.5949  1897    58344.6500    51470.7798  5121424   11.78%
  11007  8221    55843.9479  1922    58344.6500    51470.7798  5129629   11.78%
  11028  8237    56382.8935  1316    58344.6500    51470.7798  5142482   11.78%
Elapsed time = 2631.97 sec. (640271.90 ticks, tree = 698.75 MB, solutions = 1)
  11068  8264        cutoff          58344.6500    51470.7798  5175733   11.78%
  11113  8256    53610.4346  1625    58344.6500    51470.7798  5160860   11.78%
  11160  8393    52808.6033  2036    58344.6500    51485.2712  5281465   11.76%
  11203  8422    52687.8709  1316    58344.6500    51486.9130  5316698   11.75%
  11268  8435    56075.4872  1918    58344.6500    51486.9130  5300039   11.75%
  11352  8467    57428.5940  1883    58344.6500    51486.9130  5336250   11.75%
  11434  8487    54975.8853  1550    58344.6500    51486.9130  5378956   11.75%
  11474  8495    54769.8143  2049    58344.6500    51486.9130  5388720   11.75%
  11517  8657    53711.1700  2111    58344.6500    51498.0591  5462972   11.73%
  11562  8677    55167.1134  2053    58344.6500    51513.9300  5471653   11.71%
Elapsed time = 2794.81 sec. (679222.17 ticks, tree = 737.16 MB, solutions = 1)
  11619  8711    58227.4022  1764    58344.6500    51513.9300  5508899   11.71%
  11728  8787    56843.5738  1493    58344.6500    51513.9300  5489289   11.71%
  11827  8789    56738.0958  1785    58344.6500    51513.9300  5555031   11.71%
  11879  8946    53091.5240  2115    58344.6500    51515.0616  5599064   11.71%
  11926  9028    57800.3444  2166    58344.6500    51515.0616  5690552   11.71%
  11961  9031    53078.0626  2019    58344.6500    51515.0616  5699339   11.71%
  12011  9087    54859.1380  2097    58344.6500    51537.3002  5749173   11.67%
  12055  9128    56295.2991  1740    58344.6500    51540.0849  5784088   11.66%
  12115  9120    57000.4013  2046    58344.6500    51540.0849  5762918   11.66%
  12203  9171    58270.8144  1465    58344.6500    51549.2258  5802495   11.65%
Elapsed time = 2961.45 sec. (718002.43 ticks, tree = 766.02 MB, solutions = 1)
  12242  9174    55256.5949  1965    58344.6500    51563.3097  5840728   11.62%
  12281  9324    53907.1216  2035    58344.6500    51565.1239  5915342   11.62%
  12352  9409    58172.5401  1365    58344.6500    51565.1239  5952554   11.62%
  12410  9360    56812.4216  2137    58344.6500    51565.1239  5932948   11.62%
  12466  9478    57936.2726  2051    58344.6500    51572.3465  6045548   11.61%
  12522  9437    54705.5752  1865    58344.6500    51572.8556  6022152   11.61%
  12590  9474    55520.2693  1376    58344.6500    51572.8556  6031509   11.61%
  12706  9553    56823.7652  1168    58344.6500    51572.8556  6040625   11.61%
  12800  9571    53929.0987  2060    58344.6500    51572.8556  6116537   11.61%
  12835  9579    55132.6954  1942    58344.6500    51576.7871  6125229   11.60%
Elapsed time = 3130.84 sec. (756797.88 ticks, tree = 797.36 MB, solutions = 1)
  12886  9776    56540.8213  2127    58344.6500    51576.7871  6194409   11.60%
  12935  9811    57555.2902  1849    58344.6500    51577.0960  6243679   11.60%
  12994  9923    56026.3796  1856    58344.6500    51584.9945  6287517   11.59%
  13038  9941    57901.0977  1715    58344.6500    51584.9945  6296555   11.59%
  13095  9837    57172.2132  1953    58344.6500    51584.9945  6277704   11.59%
  13147 10028        cutoff          58344.6500    51584.9945  6391536   11.59%
  13203 10106    54255.8856  2146    58344.6500    51614.3305  6462813   11.54%
  13249 10118    56340.4163  1982    58344.6500    51620.3610  6471944   11.53%
  13312 10078    58166.2440  1441    58344.6500    51620.3610  6418723   11.53%
  13343 10102    54376.0335  1939    58344.6500    51624.5394  6454457   11.52%
Elapsed time = 3299.83 sec. (795893.93 ticks, tree = 850.10 MB, solutions = 1)
  13372 10154    56823.9792  1928    58344.6500    51625.8356  6525031   11.52%
  13424 10259    57957.0675  2087    58344.6500    51628.8015  6610385   11.51%
  13483 10215    57770.0933  1904    58344.6500    51630.8162  6584016   11.51%
  13523 10309    57451.0924  2116    58344.6500    51630.8162  6657588   11.51%
  13588 10355    56464.8073  2087    58344.6500    51630.8162  6707987   11.51%
  13648 10408    57586.3292  2028    58344.6500    51630.8162  6748989   11.51%
  13705 10373    57805.2566  1810    58344.6500    51667.1547  6697431   11.44%
  13733 10422    57067.7880  2112    58344.6500    51667.1547  6766644   11.44%
  13768 10406    57782.0150  1659    58344.6500    51680.1393  6742841   11.42%
  13817 10490    55113.4628  1926    58344.6500    51685.1942  6831749   11.41%
Elapsed time = 3463.17 sec. (834495.19 ticks, tree = 882.77 MB, solutions = 1)
  13881 10577    53963.4939  2076    58344.6500    51686.0180  6904322   11.41%
  13966 10640    55105.7985  1472    58344.6500    51686.0180  6945911   11.41%
  14069 10663    58145.1744  1167    58344.6500    51686.0180  6972465   11.41%
  14166 10752    57967.3250  1789    58344.6500    51688.6817  7046007   11.41%
  14224 10674    55519.4869  1891    58344.6500    51688.6817  6988914   11.41%
  14273 10691    56721.4864  1969    58344.6500    51688.6817  6997607   11.41%
  14329 10733    57954.0139  1994    58344.6500    51701.6368  7040291   11.39%
  14377 10976    56414.6336  1929    58344.6500    51701.6368  7130524   11.39%
  14416 11070    54872.6591  1967    58344.6500    51708.7418  7204682   11.37%
  14464 11090    56159.4832  2018    58344.6500    51716.0686  7213363   11.36%
Elapsed time = 3633.47 sec. (873729.82 ticks, tree = 935.04 MB, solutions = 1)
  14509 11103    55274.8669  1814    58344.6500    51716.0686  7247067   11.36%
  14589 11044    55173.4954  2002    58344.6500    51722.0538  7197915   11.35%
  14642 11230    56106.5871  1940    58344.6500    51722.0538  7350225   11.35%
  14683 11156    57064.0034  1958    58344.6500    51722.7781  7296121   11.35%
  14733 11166    58210.5058  1696    58344.6500    51722.7781  7304789   11.35%
  14790 11190    56509.8485  2063    58344.6500    51722.7781  7339634   11.35%
  14848 11210    57771.5514  1938    58344.6500    51722.7781  7348059   11.35%
  14896 11409        cutoff          58344.6500    51739.9831  7471657   11.32%
  14953 11381        cutoff          58344.6500    51742.2134  7451132   11.32%
  14987 11396    57807.3151  1296    58344.6500    51742.2134  7459894   11.32%
Elapsed time = 3805.23 sec. (912605.59 ticks, tree = 965.90 MB, solutions = 1)
  15029 11434    56689.9406  1549    58344.6500    51742.2134  7498148   11.32%
  15077 11521    57315.8567  1632    58344.6500    51743.8037  7571224   11.31%
  15134 11545    57981.0341  1422    58344.6500    51743.8037  7580744   11.31%
  15177 11663    53595.9719  1616    58344.6500    51743.8037  7706921   11.31%
  15225 11639    56724.3291  2039    58344.6500    51743.8037  7685651   11.31%
  15287 11684        cutoff          58344.6500    51745.8033  7750988   11.31%
  15329 11760    55677.7823  2148    58344.6500    51745.8033  7832149   11.31%
  15367 11695    54913.7331  2242    58344.6500    51745.8033  7767588   11.31%
  15430 11740    56560.5760  1912    58344.6500    51758.5127  7811816   11.29%
  15495 11815    53863.8293  2137    58344.6500    51758.5127  7890350   11.29%
Elapsed time = 3986.44 sec. (951451.06 ticks, tree = 994.28 MB, solutions = 1)
  15528 11761    54566.0360  2134    58344.6500    51761.0521  7826957   11.28%
  15577 11965    57880.7490  2074    58344.6500    51769.5488  7999377   11.27%
  15607 11840    53046.9314  2029    58344.6500    51769.5488  7917015   11.27%
  15647 11980    55268.7753  1845    58344.6500    51772.2851  8016165   11.26%
  15714 12025    56001.9640  1975    58344.6500    51772.2851  8055440   11.26%
  15788 12045    55549.8199  1889    58344.6500    51776.2799  8090236   11.26%
  15861 12140    56321.3700  2058    58344.6500    51776.2799  8168361   11.26%
  15924 12100    56078.0454  1899    58344.6500    51779.6162  8138724   11.25%
  15975 12084    55372.4029  1782    58344.6500    51779.6162  8117128   11.25%
  16031 12143    58057.5822  1857    58344.6500    51779.6162  8155595   11.25%
Elapsed time = 4198.80 sec. (990726.64 ticks, tree = 1028.57 MB, solutions = 1)
  16094 12277    54089.5133  2075    58344.6500    51779.6162  8260910   11.25%
  16143 12292    55776.0551  1917    58344.6500    51784.0099  8270052   11.24%
  16205 12322    57049.3117  1652    58344.6500    51786.0622  8280213   11.24%
  16314 12481    56812.6734  2055    58344.6500    51786.1492  8376253   11.24%
  16383 12405    56024.7450  1288    58344.6500    51786.1492  8325220   11.24%
  16456 12450    57054.0492  1387    58344.6500    51790.5343  8334626   11.23%
  16544 12458    53082.9689  1394    58344.6500    51791.2041  8380848   11.23%
  16571 12548    58175.2593  1791    58344.6500    51791.8854  8410525   11.23%
  16605 12746    55022.7082  1629    58344.6500    51808.0591  8514100   11.20%
  16651 12840    56909.0953  1929    58344.6500    51808.0591  8560584   11.20%
Elapsed time = 4449.81 sec. (1029803.27 ticks, tree = 1100.40 MB, solutions = 1)
  16705 12757    52860.6597  2057    58344.6500    51812.2448  8530993   11.20%
  16746 12939    57533.9674  2038    58344.6500    51819.2695  8641233   11.18%
  16811 12889    57947.5470  1753    58344.6500    51820.0651  8614353   11.18%
  16851 13039    56872.0791  1972    58344.6500    51838.3028  8731997   11.15%
  16900 12910    56349.2891  1733    58344.6500    51838.3028  8632129   11.15%
  16971 13068    57806.7035  1737    58344.6500    51854.4659  8749379   11.12%
  17004 12993    57445.0014  1618    58344.6500    51854.4659  8718433   11.12%
  17052 13076    56742.2689  1692    58344.6500    51856.8906  8767818   11.12%
  17093 13098    57734.0648  1993    58344.6500    51856.8906  8777036   11.12%
  17141 13192    55781.4925  2031    58344.6500    51858.3650  8884112   11.12%
Elapsed time = 4713.81 sec. (1068996.66 ticks, tree = 1135.76 MB, solutions = 1)
  17193 13175    56640.0596  1648    58344.6500    51858.3650  8853909   11.12%
  17255 13300    56667.4995  1510    58344.6500    51870.1530  8975840   11.10%
  17302 13273    55661.2927  1843    58344.6500    51870.1530  8954197   11.10%
  17351 13304    54672.4626  2056    58344.6500    51874.9894  8993875   11.09%
  17406 13373    58303.8199  1634    58344.6500    51883.8109  9036304   11.07%
  17466 13333    57638.0445  1956    58344.6500    51886.3522  9011204   11.07%
  17534 13490    53944.1164  1922    58344.6500    51886.3522  9129978   11.07%
  17587 13415    57619.9089  1917    58344.6500    51888.6515  9063220   11.07%
  17616 13518    55174.1100  1783    58344.6500    51890.3086  9177982   11.06%
  17666 13466    56833.8767  1892    58344.6500    51890.3086  9111023   11.06%
Elapsed time = 4968.83 sec. (1108103.88 ticks, tree = 1160.11 MB, solutions = 1)
  17737 13643    57811.2091  1666    58344.6500    51892.1830  9265708   11.06%
  17801 13589        cutoff          58344.6500    51892.1830  9240423   11.06%
  17854 13593    53674.5749  1938    58344.6500    51898.4926  9248924   11.05%
  17884 13769    53692.6440  1620    58344.6500    51898.4926  9371944   11.05%
  17904 13727    53144.1266  2017    58344.6500    51898.4926  9347028   11.05%
  17931 13739    54469.7572  2067    58344.6500    51898.4926  9355476   11.05%
  17969 13797    57906.6205  1577    58344.6500    51907.0394  9399414   11.03%
  18055 13821    58243.8810  1541    58344.6500    51907.0394  9407581   11.03%
  18112 13830    54023.3380  2055    58344.6500    51910.5484  9439163   11.03%
  18144 13958    57816.7340  1417    58344.6500    51910.5484  9570354   11.03%
Elapsed time = 5233.14 sec. (1147271.47 ticks, tree = 1204.81 MB, solutions = 1)
  18164 13838    55957.9337  2010    58344.6500    51910.5484  9448139   11.03%
  18190 13966    56464.1650  2001    58344.6500    51914.1875  9587680   11.02%
  18228 13977    57384.1979  1972    58344.6500    51925.9042  9596042   11.00%
  18267 13979    54880.2129  1944    58344.6500    51925.9042  9604970   11.00%
  18304 14141    56238.1754  1931    58344.6500    51929.1261  9759347   11.00%
  18352 14067    55260.1355  1984    58344.6500    51929.1261  9683815   11.00%
  18397 14079    56559.1350  1968    58344.6500    51929.1261  9691770   11.00%
  18455 14172    56801.7653  1952    58344.6500    51929.2492  9785589   11.00%
  18511 14289    57311.4270  1735    58344.6500    51930.6037  9917311   10.99%
  18565 14231    57348.9455  1873    58344.6500    51930.6037  9873242   10.99%
Elapsed time = 5502.56 sec. (1186506.02 ticks, tree = 1220.79 MB, solutions = 1)
  18617 14345    57380.7855  1631    58344.6500    51939.7806  9965874   10.98%
  18650 14341    57226.9488  1658    58344.6500    51939.7806  9943446   10.98%
  18699 14216    57341.2218  1619    58344.6500    51939.7806  9851584   10.98%
  18746 14267    56107.8655  1851    58344.6500    51939.7806  9906166   10.98%
  18785 14358    54059.6666  1930    58344.6500    51943.7244  9976212   10.97%
  18861 14548    58302.2007  2030    58344.6500    51943.7244 10134172   10.97%
  18899 14482    53937.8893  1887    58344.6500    51948.5661 10089736   10.96%
  18953 14592    57985.7062  1721    58344.6500    51948.5661 10160778   10.96%
  19013 14522    57076.3739  1920    58344.6500    51948.5661 10106942   10.96%
  19085 14575    53454.2906  1951    58344.6500    51948.5661 10165510   10.96%
Elapsed time = 5788.80 sec. (1225186.13 ticks, tree = 1253.38 MB, solutions = 1)
  19133 14811    54731.9789  1902    58344.6500    51960.1316 10312132   10.94%
  19201 14833    55904.6551  2067    58344.6500    51960.1316 10320986   10.94%
  19278 14864    57249.3927  1820    58344.6500    51960.1316 10329516   10.94%
  19348 14903        cutoff          58344.6500    51960.4274 10338410   10.94%
  19386 14907    55043.8191  1821    58344.6500    51960.4274 10346092   10.94%
  19429 14795    57399.3696  1780    58344.6500    51960.4274 10305606   10.94%
  19478 14805    58305.0471  1750    58344.6500    51961.0286 10313922   10.94%
  19550 14947    56988.0317  1940    58344.6500    51976.0765 10409949   10.92%
  19609 15106    57496.7266  1360    58344.6500    51976.0765 10493565   10.92%
  19659 15198    55886.1039  1858    58344.6500    51988.4785 10596758   10.89%
Elapsed time = 6021.94 sec. (1263916.47 ticks, tree = 1318.15 MB, solutions = 1)
  19724 15205    57288.1897  1804    58344.6500    51988.4785 10605167   10.89%
  19812 15180    55921.6533  1375    58344.6500    51988.4785 10572833   10.89%
  19843 15217    56242.2080  2013    58344.6500    51988.4785 10621854   10.89%
  19900 15370    58053.8545  1638    58344.6500    52019.3191 10711490   10.84%
  19952 15379    53645.4491  1516    58344.6500    52025.2804 10720374   10.83%
  20023 15264    58194.8210  1600    58344.6500    52025.2804 10675811   10.83%
  20088 15416    57194.0629  1652    58344.6500    52031.9606 10738562   10.82%
  20144 15286    54773.2023  2064    58344.6500    52031.9606 10693743   10.82%
  20197 15528        cutoff          58344.6500    52031.9606 10810522   10.82%
  20271 15559    57498.5260  2204    58344.6500    52041.7795 10881063   10.80%
Elapsed time = 6247.70 sec. (1302764.38 ticks, tree = 1354.27 MB, solutions = 1)
  20327 15529    56491.8540  1905    58344.6500    52049.1768 10863538   10.79%
  20398 15769    56597.6827  1860    58344.6500    52049.1768 11006066   10.79%
  20492 15812    57955.5854  1632    58344.6500    52049.1768 11014507   10.79%
  20559 15794    53436.5228  1656    58344.6500    52051.6451 11062554   10.79%
  20607 15806    54933.0163  1931    58344.6500    52051.6451 11071766   10.79%
  20651 15642    56394.7347  1653    58344.6500    52051.6451 10934223   10.79%
  20708 15897    57792.9902  1990    58344.6500    52052.5876 11119995   10.78%
  20753 15847    57949.6045  1826    58344.6500    52067.2892 11093087   10.76%
  20785 16132    57149.2691  2051    58344.6500    52072.8569 11241463   10.75%
  20834 16188    56769.2246  1912    58344.6500    52076.3431 11286178   10.74%
Elapsed time = 6471.11 sec. (1341977.08 ticks, tree = 1420.10 MB, solutions = 1)
  20882 16155    54957.9389  1617    58344.6500    52076.3431 11258724   10.74%
  20932 16006    55159.5759  1843    58344.6500    52076.3431 11209161   10.74%
  21005 16229    56415.4874  1851    58344.6500    52076.3431 11312171   10.74%
  21071 16039    58200.7369  1670    58344.6500    52076.8103 11226670   10.74%
  21111 16247    58041.4564  1949    58344.6500    52078.4204 11342252   10.74%
  21164 16267        cutoff          58344.6500    52078.4204 11337711   10.74%
  21214 16316        cutoff          58344.6500    52078.4204 11404110   10.74%
  21269 16451    56254.2997  1957    58344.6500    52087.7046 11515634   10.72%
  21316 16468    57393.1671  1848    58344.6500    52087.7046 11523766   10.72%
  21367 16411    57684.4921  1772    58344.6500    52087.7046 11492419   10.72%
Elapsed time = 6686.78 sec. (1380592.26 ticks, tree = 1440.99 MB, solutions = 1)
  21409 16415    54588.3210  1706    58344.6500    52099.4624 11500833   10.70%
  21478 16497    57359.0156  1733    58344.6500    52105.6653 11547648   10.69%
  21564 16580    56544.1403  1854    58344.6500    52111.8627 11639908   10.68%
  21632 16604    57700.2204  1820    58344.6500    52111.8627 11648617   10.68%
  21669 16664    57153.9156  1706    58344.6500    52114.0852 11719600   10.68%
  21712 16741    56010.7631  1573    58344.6500    52114.0852 11766115   10.68%
  21762 16628    56065.9241  1796    58344.6500    52114.0852 11626733   10.68%
  21807 16846    56232.6879  1811    58344.6500    52116.0476 11819743   10.68%
  21855 16705    56521.2496  1570    58344.6500    52116.0476 11755701   10.68%
  21914 16867    57011.2713  1700    58344.6500    52116.5418 11836997   10.67%
Elapsed time = 6869.34 sec. (1419318.29 ticks, tree = 1487.20 MB, solutions = 1)
  21984 16924    55083.8877  1922    58344.6500    52116.5418 11896898   10.67%
  22022 16942    56123.3234  2013    58344.6500    52116.5418 11906154   10.67%
  22077 16890    53573.2093  1814    58344.6500    52116.5418 11863931   10.67%
  22135 17110    56821.8906  1376    58344.6500    52116.5418 12023595   10.67%
  22174 17021    57453.3216  1867    58344.6500    52116.9059 11990917   10.67%
  22251 17148    58097.5324  2012    58344.6500    52116.9059 12085734   10.67%
  22298 17252    54693.6122  1686    58344.6500    52131.0286 12150512   10.65%
  22374 17328    57946.7903   948    58344.6500    52131.0286 12220675   10.65%
  22450 17334    55912.1923  2047    58344.6500    52131.0286 12229306   10.65%
  22502 17184    55174.5261  2035    58344.6500    52131.0286 12120914   10.65%
Elapsed time = 7090.92 sec. (1458327.52 ticks, tree = 1520.47 MB, solutions = 1)
  22554 17406    57184.7563  2031    58344.6500    52131.0286 12283923   10.65%
  22622 17334    56423.8597  1572    58344.6500    52140.5970 12193154   10.63%
  22661 17348    57284.4508  1593    58344.6500    52140.5970 12202379   10.63%
  22726 17580    58293.8713  1223    58344.6500    52162.8356 12396519   10.60%
  22784 17455    57265.1936  2027    58344.6500    52162.8356 12319071   10.60%
  22831 17488    55374.4941  1865    58344.6500    52162.8356 12364117   10.60%
  22900 17702    57357.7449   797    58344.6500    52168.5707 12484489   10.59%
  22974 17626    57282.5967  1477    58344.6500    52168.5707 12431861   10.59%
  23011 17732    55837.2381  1436    58344.6500    52168.5707 12501897   10.59%
  23060 17801    55488.5653  1913    58344.6500    52168.6311 12587210   10.59%
Elapsed time = 7322.75 sec. (1497284.70 ticks, tree = 1571.28 MB, solutions = 1)
  23123 17819    56797.1838  1922    58344.6500    52172.4898 12595929   10.58%
  23186 18005    58208.7912  1793    58344.6500    52180.3690 12720218   10.57%
  23234 17924    57514.5675  1327    58344.6500    52180.3690 12667131   10.57%
  23343 17844    57270.8118  1869    58344.6500    52180.9620 12622582   10.56%
  23415 17950    56448.2734  2014    58344.6500    52180.9620 12685567   10.56%
  23457 17957    56519.6136  1932    58344.6500    52180.9620 12694526   10.56%
  23504 18112    56556.0885  1929    58344.6500    52185.9179 12793398   10.56%
  23543 18123    56767.9192  1947    58344.6500    52185.9179 12802226   10.56%
  23617 18143    57068.8481  1441    58344.6500    52197.7844 12811229   10.54%
  23693 18165    56264.0372  1921    58344.6500    52197.7844 12854489   10.54%
Elapsed time = 7566.77 sec. (1535885.70 ticks, tree = 1610.23 MB, solutions = 1)
  23743 18154    57113.8635  1851    58344.6500    52197.7844 12828788   10.54%
  23790 18266    57172.3664  1628    58344.6500    52197.9995 12926782   10.54%
  23862 18201    56775.5285  1950    58344.6500    52197.9995 12881070   10.54%
  23896 18432    54521.2706  1780    58344.6500    52197.9995 13044919   10.54%
  23926 18444        cutoff          58344.6500    52198.9428 13053807   10.53%
  23970 18456    58339.2380  1565    58344.6500    52205.7762 13062625   10.52%
  24007 18459    55601.1441  1908    58344.6500    52219.1275 13071467   10.50%
  24062 18654    54795.5159  1968    58344.6500    52219.1275 13227924   10.50%
  24100 18581    54446.7871  1871    58344.6500    52220.8820 13174141   10.50%
  24150 18601    56154.5110  1859    58344.6500    52220.8820 13182820   10.50%
Elapsed time = 7799.09 sec. (1574848.86 ticks, tree = 1654.39 MB, solutions = 1)
  24200 18523    57351.3302  1801    58344.6500    52220.8820 13142583   10.50%
  24257 18623    56193.0632  1868    58344.6500    52225.2252 13200533   10.49%
  24297 18632    57842.8714  1892    58344.6500    52225.2252 13209119   10.49%
  24348 18743    56693.5900  1936    58344.6500    52227.0465 13327745   10.49%
  24391 18751    57771.1741  1764    58344.6500    52227.0465 13336574   10.49%
  24436 18878    56219.0219  1737    58344.6500    52227.0465 13427166   10.49%
  24481 18905    57714.8760  1592    58344.6500    52230.6219 13436143   10.48%
  24516 18826    56420.1982  1935    58344.6500    52230.6219 13395613   10.48%
  24551 19020    57877.4955  1877    58344.6500    52230.8530 13593584   10.48%
  24579 19023    54289.9041  2018    58344.6500    52230.8530 13602753   10.48%
Elapsed time = 8091.69 sec. (1614243.68 ticks, tree = 1705.74 MB, solutions = 1)
  24619 19041    56403.8363  2005    58344.6500    52230.8530 13611923   10.48%
  24645 19059    57752.6925  1996    58344.6500    52230.8530 13620395   10.48%
  24660 19003    55688.1401  1883    58344.6500    52230.8530 13587859   10.48%
  24677 19074    57758.4134  1924    58344.6500    52230.8530 13638047   10.48%
  24690 19079    55020.6100  1740    58344.6500    52230.8530 13648001   10.48%

Performing restart 2

Repeating presolve.
Tried aggregator 1 time.
MIP Presolve eliminated 1705 rows and 2508 columns.
MIP Presolve added 4 rows and 0 columns.
Reduced MIP has 6330 rows, 9489 columns, and 32457 nonzeros.
Reduced MIP has 5471 binaries, 4018 generals, 0 SOSs, and 0 indicators.
Presolve time = 0.30 sec. (19.71 ticks)
Tried aggregator 1 time.
Reduced MIP has 6330 rows, 9489 columns, and 32457 nonzeros.
Reduced MIP has 5471 binaries, 4018 generals, 0 SOSs, and 0 indicators.
Presolve time = 0.03 sec. (21.44 ticks)
Represolve time = 21.52 sec. (303.35 ticks)
  24704     0    50560.7966  2021    58344.6500     Cuts: 533 13802748   10.43%
  24704     0    50571.7988  1539    58344.6500     Cuts: 237 13803256   10.43%
  24704     0    50580.0340  1604    58344.6500    Cuts: 1121 13803958   10.43%
  24704     0    50598.8564  1615    58344.6500     Cuts: 690 13804599   10.43%
  24704     0    50782.2360  1862    58344.6500     Cuts: 469 13806147   10.43%
  24704     0    50900.9355  1833    58344.6500    Cuts: 1682 13807998   10.43%
  24704     0    50948.2647  1997    58344.6500    Cuts: 1682 13809619   10.43%
  24704     0    50965.6701  2043    58344.6500    Cuts: 1289 13810719   10.43%
  24704     0    50992.3299  1963    58344.6500    Cuts: 1619 13812275   10.43%
  24704     0    51008.0675  1967    58344.6500    Cuts: 1446 13813197   10.43%
  24704     2    51008.0675  1832    58344.6500    52257.4299 13813197   10.43%
  24732    25    54237.7270  1738    58344.6500    52257.4299 13836286   10.43%
  24794    83    52719.5148  1689    58344.6500    52257.4299 13879110   10.43%
  24880   148    52224.0319  1439    58344.6500    52257.4299 13909132   10.43%
  25030   272    54531.0937  1436    58344.6500    52257.4299 13952985   10.43%
Elapsed time = 8359.25 sec. (1693143.87 ticks, tree = 10.65 MB, solutions = 1)
  25161   406    53937.6932  1465    58344.6500    52257.4299 14002445   10.43%
  25346   524    54745.3123  1502    58344.6500    52257.4299 14039859   10.43%
  25537   715    57533.1100  1148    58344.6500    52257.4299 14083717   10.43%
  25726   882    52965.4643  1355    58344.6500    52257.4299 14128602   10.43%
  25801   987    53824.8454  1213    58344.6500    52257.4299 14172470   10.43%
  25947  1126        cutoff          58344.6500    52257.4299 14226723   10.43%
  26123  1227    54151.6493  1557    58344.6500    52257.4299 14258677   10.43%
  26309  1426    56605.1145  1147    58344.6500    52257.4299 14304659   10.43%
  26404  1510    56829.7827  1681    58344.6500    52257.4299 14345300   10.43%
  26516  1605    55530.4041  1654    58344.6500    52257.4299 14397683   10.43%
Elapsed time = 8534.91 sec. (1731570.91 ticks, tree = 91.36 MB, solutions = 1)
  26580  1671    57817.1489  1769    58344.6500    52257.4299 14444932   10.43%
  26694  1731    55891.3304  1257    58344.6500    52257.4299 14477620   10.43%
  26809  1832    56379.0346  1542    58344.6500    52257.4299 14527586   10.43%
  26991  1975    55163.0498  1680    58344.6500    52257.4299 14582055   10.43%
  27151  2113    56847.9245  1101    58344.6500    52257.4299 14613250   10.43%
  27276  2226    57642.0173  1460    58344.6500    52257.4299 14653855   10.43%
  27378  2329    57316.3630  1217    58344.6500    52257.4299 14705862   10.43%
  27471  2388    54572.1717  1744    58344.6500    52257.4299 14739470   10.43%
  27610  2477    56095.7601  1873    58344.6500    52257.4299 14774451   10.43%
  27839  2630    58269.0610  1698    58344.6500    52257.4299 14823171   10.43%
Elapsed time = 8684.91 sec. (1769962.83 ticks, tree = 149.73 MB, solutions = 1)
  27896  2729    53154.5993  1982    58344.6500    52257.4299 14846400   10.43%
  27945  2813    56495.3916  1543    58344.6500    52257.4299 14892043   10.43%
  28003  2859    56082.9405  1453    58344.6500    52257.4299 14929411   10.43%
  28108  2954    57052.8307  1951    58344.6500    52257.4299 14972927   10.43%
  28259  2970    54791.3288  1912    58344.6500    52257.4299 14991600   10.43%
  28332  3138    56754.3697  1918    58344.6500    52257.4299 15061506   10.43%
  28374  3144    53135.1017  1577    58344.6500    52257.4299 15071560   10.43%
  28449  3205    54015.4855  1789    58344.6500    52257.4299 15109548   10.43%
  28528  3285    56092.9485  1454    58344.6500    52257.4299 15150766   10.43%
  28615  3368    55402.0666  1707    58344.6500    52257.4299 15216255   10.43%
Elapsed time = 8837.17 sec. (1808436.60 ticks, tree = 196.17 MB, solutions = 1)
  28682  3430    56949.3947  1891    58344.6500    52257.4299 15240141   10.43%
  28746  3440    56568.7127  1668    58344.6500    52257.4299 15254050   10.43%
  28817  3514    52850.0785  1974    58344.6500    52257.4299 15291051   10.43%
  28943  3598    58318.9596  1181    58344.6500    52257.4299 15346647   10.43%
  29044  3647    52748.0307  2109    58344.6500    52257.4299 15376132   10.43%
  29130  3743    56013.1036  1799    58344.6500    52257.4299 15422079   10.43%
  29221  3879    54173.3995  1882    58344.6500    52257.4299 15475781   10.43%
  29316  3892    56403.1750  1996    58344.6500    52257.4299 15486033   10.43%
  29384  3973    56083.9034  1556    58344.6500    52257.4299 15522110   10.43%
  29487  4066    57934.3405  1757    58344.6500    52257.4299 15586921   10.43%
Elapsed time = 8988.48 sec. (1847174.29 ticks, tree = 244.38 MB, solutions = 1)
  29568  4137    55325.0243  2011    58344.6500    52257.4299 15626821   10.43%
  29671  4150    56834.7009  1846    58344.6500    52257.4299 15646250   10.43%
  29750  4294    52994.1400  2058    58344.6500    52257.4299 15713145   10.43%
  29818  4352    57864.0442  1973    58344.6500    52257.4299 15743229   10.43%
  29888  4396    57442.9583  1993    58344.6500    52257.4299 15762227   10.43%
  29960  4472    55148.5907  1830    58344.6500    52257.4299 15825355   10.43%
  30011  4521    56131.0842  1859    58344.6500    52257.4299 15853874   10.43%
  30076  4596    57096.1484  1564    58344.6500    52257.4299 15891637   10.43%
  30155  4617    57752.3962  1600    58344.6500    52257.4299 15928764   10.43%
  30239  4721    58100.0548  1041    58344.6500    52257.4299 15983538   10.43%
Elapsed time = 9143.89 sec. (1885785.46 ticks, tree = 290.77 MB, solutions = 1)
  30329  4756    53295.3442  2021    58344.6500    52257.4299 16024359   10.43%
  30417  4835    57638.4113  1803    58344.6500    52257.4299 16075027   10.43%
  30547  4863    55224.1163  1728    58344.6500    52257.4299 16086455   10.43%
  30636  4994    54744.7226  1569    58344.6500    52257.4299 16153360   10.43%
  30698  5055    56290.1587  1860    58344.6500    52257.4299 16189045   10.43%
  30784  5107    56170.1120  1170    58344.6500    52257.4299 16218711   10.43%
  30876  5155    55487.4297  1880    58344.6500    52257.4299 16255380   10.43%
  30967  5285    58202.7513  1428    58344.6500    52257.4299 16317976   10.43%
  31028  5320    57439.7285  1863    58344.6500    52257.4299 16352047   10.43%
  31104  5377    56752.3976  1209    58344.6500    52257.4299 16384333   10.43%
Elapsed time = 9302.88 sec. (1924583.69 ticks, tree = 337.78 MB, solutions = 1)
  31215  5421    56936.7912  1912    58344.6500    52257.4299 16417334   10.43%
  31287  5505    55593.6509  1798    58344.6500    52257.4299 16471106   10.43%
  31356  5607    56196.1104  1370    58344.6500    52257.4299 16537819   10.43%
  31478  5676    57796.1805  1705    58344.6500    52257.4299 16574068   10.43%
  31545  5703    56855.4442  1997    58344.6500    52257.4299 16597529   10.43%
  31630  5761    54388.4160  1762    58344.6500    52257.4299 16632737   10.43%
  31715  5848    58147.4594  1905    58344.6500    52257.4299 16673774   10.43%
  31823  5923    56964.1209  1932    58344.6500    52257.4299 16725479   10.43%
  31911  5990    55999.4130  1356    58344.6500    52257.4299 16762471   10.43%
  31978  6091    55709.7650  2054    58344.6500    52257.4299 16813925   10.43%
Elapsed time = 9461.42 sec. (1963099.23 ticks, tree = 388.19 MB, solutions = 1)
  32046  6167    56493.1569  2088    58344.6500    52257.4299 16869044   10.43%
  32095  6179    57380.1158  1979    58344.6500    52278.5375 16879301   10.40%
  32160  6234    56464.7034  2011    58344.6500    52278.5375 16916096   10.40%
  32241  6319    58293.8137  1846    58344.6500    52278.5375 16986354   10.40%
  32297  6369    54682.4917  1951    58344.6500    52285.6347 17024753   10.38%
  32374  6393    56845.5715  1900    58344.6500    52288.8368 17034719   10.38%
  32449  6403    57751.0808  1677    58344.6500    52289.0541 17057562   10.38%
  32514  6507    55476.3722  1878    58344.6500    52289.0541 17129263   10.38%
  32603  6593    57218.4936  1553    58344.6500    52289.5396 17192510   10.38%
  32673  6622    57757.7306   928    58344.6500    52305.5391 17203709   10.35%
Elapsed time = 9654.41 sec. (2001631.72 ticks, tree = 419.20 MB, solutions = 1)
  32758  6615    52933.8496  1866    58344.6500    52305.6466 17223263   10.35%
  32812  6782    56612.2646  1495    58344.6500    52307.3078 17315929   10.35%
  32903  6750    56164.5199  1719    58344.6500    52307.3078 17303635   10.35%
  32993  6877    57923.4528  1692    58344.6500    52316.4010 17378494   10.33%
  33060  6942    58252.6719  1819    58344.6500    52323.6038 17426331   10.32%
  33128  6949        cutoff          58344.6500    52323.6038 17436563   10.32%
  33179  7094    57442.3273  1940    58344.6500    52350.7209 17530937   10.27%
  33257  7111    56026.6452  1972    58344.6500    52351.1914 17541530   10.27%
  33314  7095        cutoff          58344.6500    52351.1914 17529329   10.27%
  33384  7178    56940.0138  1469    58344.6500    52355.7259 17588200   10.26%
Elapsed time = 9854.45 sec. (2040379.64 ticks, tree = 456.47 MB, solutions = 1)
  33476  7231    53706.9389  2002    58344.6500    52355.7259 17645400   10.26%
  33518  7238    54761.0587  1348    58344.6500    52361.5436 17655649   10.25%
  33564  7354    58032.9561  1576    58344.6500    52362.6370 17726774   10.25%
  33650  7395    56856.2412  1583    58344.6500    52392.8539 17780367   10.20%
  33737  7399    56717.1845  1994    58344.6500    52392.8539 17775097   10.20%
  33796  7416    58233.6890  1905    58344.6500    52393.5555 17800962   10.20%
  33846  7594    55541.4139  1209    58344.6500    52393.5555 17911635   10.20%
  33926  7562    56550.0918  1161    58344.6500    52401.1459 17896494   10.19%
  34017  7635    55921.9185  1119    58344.6500    52403.3699 17943070   10.18%
  34082  7697    56236.9035  1827    58344.6500    52404.4791 17991166   10.18%
Elapsed time = 10049.58 sec. (2079006.44 ticks, tree = 488.48 MB, solutions = 1)
  34165  7737    57421.8260  2008    58344.6500    52404.4791 18016121   10.18%
  34230  7861    55877.3587  1571    58344.6500    52420.7948 18099213   10.15%
  34293  7867    54059.7050  2180    58344.6500    52428.2125 18109613   10.14%
  34362  7961    52777.1715  1361    58344.6500    52447.8115 18171316   10.11%
  34433  7951    52955.3726  1984    58344.6500    52447.8115 18162407   10.11%
  34478  7997    53423.5162  2269    58344.6500    52473.7841 18214549   10.06%
  34538  8085    56322.3147  1890    58344.6500    52489.6453 18280965   10.04%
  34617  8106    58030.8338  1982    58344.6500    52489.6453 18291694   10.04%
  34682  8161    52988.0071  1973    58344.6500    52491.1319 18365602   10.03%
  34759  8242    56385.6463  1581    58344.6500    52491.1319 18419192   10.03%
Elapsed time = 10249.08 sec. (2117804.62 ticks, tree = 529.66 MB, solutions = 1)
  34855  8314    57656.1398  1714    58344.6500    52509.9880 18443773   10.00%
  34923  8347    53154.6011  1905    58344.6500    52511.8055 18492256   10.00%
  34973  8364    55390.6185  1808    58344.6500    52511.8055 18503492   10.00%
  35036  8461    57667.6332  2036    58344.6500    52511.8055 18554259   10.00%
  35089  8487    58213.4820  1485    58344.6500    52523.6309 18586926    9.98%
  35140  8529    58180.6480  1855    58344.6500    52525.1684 18615753    9.97%
  35201  8561    56240.1048  2060    58344.6500    52548.8970 18652350    9.93%
  35255  8644    56920.8754  1802    58344.6500    52553.3997 18722327    9.93%
  35340  8706    55020.9879  1791    58344.6500    52553.3997 18776041    9.93%
  35404  8752    54695.4306  2003    58344.6500    52555.3293 18810908    9.92%
Elapsed time = 10427.67 sec. (2156258.36 ticks, tree = 550.69 MB, solutions = 1)
  35475  8778    56544.7209  1973    58344.6500    52562.1641 18822038    9.91%
  35522  8918    56338.7234  1489    58344.6500    52572.1225 18921821    9.89%
  35581  8885    57628.4320  1495    58344.6500    52572.1225 18907330    9.89%
  35664  8898    55474.5334  1797    58344.6500    52574.4305 18917374    9.89%
  35720  8953    57720.8479  1622    58344.6500    52580.1282 18963525    9.88%
  35782  8962    56193.6106  2153    58344.6500    52580.1282 18972848    9.88%
  35829  9072    58102.0350  2062    58344.6500    52582.5402 19068435    9.88%
  35870  9181    55153.9924  1719    58344.6500    52584.9514 19153221    9.87%
  35917  9144    57473.1521  1713    58344.6500    52584.9514 19116747    9.87%
  35980  9219    56780.0093  1961    58344.6500    52586.6005 19187859    9.87%
Elapsed time = 10590.53 sec. (2195021.23 ticks, tree = 584.19 MB, solutions = 1)
  36060  9242    58098.5207  2020    58344.6500    52587.2539 19198526    9.87%
  36137  9304    57422.8137  1779    58344.6500    52587.2539 19258751    9.87%
  36183  9368    56503.2499  1888    58344.6500    52587.2539 19309510    9.87%
  36233  9378    58131.0296  2097    58344.6500    52600.3210 19319695    9.85%
  36300  9434    56953.4447  1694    58344.6500    52600.3210 19383869    9.85%
  36371  9533    57804.0257  2033    58344.6500    52608.6242 19437589    9.83%
  36431  9607    55889.9881  1639    58344.6500    52611.0570 19499505    9.83%
  36491  9553    56966.1074  1387    58344.6500    52613.8941 19458894    9.82%
  36558  9668    54839.6133  1339    58344.6500    52617.7110 19547884    9.82%
  36647  9703    56871.6158  1932    58344.6500    52621.8239 19573836    9.81%
Elapsed time = 10754.23 sec. (2233616.61 ticks, tree = 614.35 MB, solutions = 1)
  36725  9776    57288.6871  1562    58344.6500    52628.5742 19640079    9.80%
  36816  9794    58280.3430  1421    58344.6500    52628.5742 19650199    9.80%
  36889  9869    55603.7085  1903    58344.6500    52633.5551 19689529    9.79%
  36934  9889        cutoff          58344.6500    52637.3168 19713981    9.78%
  36996  9894    57826.0433  1878    58344.6500    52637.3168 19723750    9.78%
  37060 10066    56172.4866  1679    58344.6500    52639.0659 19835283    9.78%
  37141 10101    56687.4848  1631    58344.6500    52639.0659 19876694    9.78%
  37211 10141    55125.8622  1985    58344.6500    52639.0659 19911080    9.78%
  37287 10158    57389.0443  1805    58344.6500    52639.0659 19920645    9.78%
  37344 10288    55669.4237  1670    58344.6500    52639.0659 20006615    9.78%
Elapsed time = 10919.50 sec. (2272390.68 ticks, tree = 659.22 MB, solutions = 1)
  37414 10335    54993.0133  1646    58344.6500    52651.4954 20036803    9.76%
  37462 10343    57014.9290  1840    58344.6500    52651.4954 20047935    9.76%
  37516 10393    57266.6915  1863    58344.6500    52666.1276 20091456    9.73%
  37562 10550    56334.6873  1893    58344.6500    52673.8006 20207312    9.72%
  37641 10581    58265.5822  1741    58344.6500    52673.8006 20217100    9.72%
  37695 10539        cutoff          58344.6500    52673.8006 20193623    9.72%
  37750 10551    56193.3314  1933    58344.6500    52681.4617 20203662    9.71%
  37821 10669    57832.6459  1512    58344.6500    52692.2839 20322661    9.69%
  37871 10661    56232.7810  1857    58344.6500    52692.2839 20305779    9.69%
  37932 10741        cutoff          58344.6500    52694.2505 20390819    9.68%
Elapsed time = 11082.00 sec. (2310953.80 ticks, tree = 691.00 MB, solutions = 1)
  37992 10737    56137.7477  2151    58344.6500    52694.2505 20380150    9.68%
  38068 10765    57602.9824  1567    58344.6500    52697.5900 20411210    9.68%
  38161 10913    58340.4636  2032    58344.6500    52697.5900 20509146    9.68%
  38221 10901    56771.8551  1269    58344.6500    52707.1925 20489233    9.66%
  38295 10930    56066.4723  1900    58344.6500    52709.4299 20529406    9.66%
  38354 11042    56628.1561  1742    58344.6500    52717.0181 20616589    9.65%
  38447 11017    57576.3098  1593    58344.6500    52717.0181 20602320    9.65%
  38508 11126    56431.2224  1968    58344.6500    52735.6985 20670141    9.61%
  38568 11227    53496.2358  2035    58344.6500    52746.6759 20757122    9.59%
  38619 11205    56503.4081  2047    58344.6500    52748.8555 20747055    9.59%
Elapsed time = 11244.16 sec. (2349468.30 ticks, tree = 726.02 MB, solutions = 1)
  38667 11169    56782.6186  1997    58344.6500    52748.8555 20716766    9.59%
  38755 11383        cutoff          58344.6500    52755.4012 20881764    9.58%
  38819 11408    55474.1032  2020    58344.6500    52765.4251 20912245    9.56%
  38864 11398        cutoff          58344.6500    52765.4251 20901975    9.56%
  38932 11432    57568.4576  1951    58344.6500    52765.4251 20931969    9.56%
  38980 11562    55793.8016  1129    58344.6500    52767.2009 21039135    9.56%
  39046 11598    58059.8908  1217    58344.6500    52767.9314 21072405    9.56%
  39165 11613    54089.3341  1840    58344.6500    52772.9107 21081511    9.55%
  39218 11627    55960.8246  2042    58344.6500    52772.9107 21070286    9.55%
  39306 11758    57858.5451  2001    58344.6500    52787.1628 21198296    9.53%
Elapsed time = 11409.22 sec. (2388018.22 ticks, tree = 765.65 MB, solutions = 1)
  39351 11772    57148.9671  1818    58344.6500    52787.1628 21208258    9.53%
  39408 11779        cutoff          58344.6500    52789.9197 21218372    9.52%
  39484 11909    57658.9692  1230    58344.6500    52789.9197 21295340    9.52%
  39560 11839    55690.9300  2070    58344.6500    52790.1065 21261965    9.52%
  39705 11868    57247.9138  2008    58344.6500    52790.1065 21272584    9.52%
  39756 11954    53886.2509  1933    58344.6500    52797.7559 21341659    9.51%
  39830 12004    55965.3627  1326    58344.6500    52797.7559 21388492    9.51%
  39891 12209    54858.4909  2139    58344.6500    52805.1298 21468397    9.49%
  39954 12215    57941.4050  1952    58344.6500    52805.3739 21477939    9.49%
  40008 12310    56409.5371  1531    58344.6500    52805.3739 21547552    9.49%
Elapsed time = 11576.03 sec. (2426651.99 ticks, tree = 805.09 MB, solutions = 1)
  40071 12339    58042.6149  2000    58344.6500    52805.3739 21581286    9.49%
  40136 12328        cutoff          58344.6500    52805.3739 21569504    9.49%
  40204 12369    58221.8096  1333    58344.6500    52817.4760 21603571    9.47%
  40264 12479    55305.9898  1734    58344.6500    52818.8455 21708400    9.47%
  40324 12505    57470.8594  1529    58344.6500    52822.0517 21718087    9.47%
  40399 12587    53856.4010  1356    58344.6500    52822.0517 21790223    9.47%
  40472 12626    56958.8353  1947    58344.6500    52829.3562 21830367    9.45%
  40553 12616    54726.1341  1937    58344.6500    52830.2514 21810285    9.45%
  40615 12644    55506.7987  1965    58344.6500    52830.2514 21849992    9.45%
  40670 12661    56571.7198  1708    58344.6500    52831.9718 21860062    9.45%
Elapsed time = 11743.14 sec. (2465410.39 ticks, tree = 831.87 MB, solutions = 1)
  40734 12771    53539.9207  1878    58344.6500    52831.9718 21905114    9.45%
  40786 12860    58224.8372  1740    58344.6500    52837.3490 21977108    9.44%
  40837 12905    56383.4454  1873    58344.6500    52838.3720 22006984    9.44%
  40926 12989    54891.4619  1729    58344.6500    52842.7289 22068030    9.43%
  41029 13084        cutoff          58344.6500    52842.7289 22138605    9.43%
  41105 13096    57907.0142  1919    58344.6500    52843.5432 22148606    9.43%
  41199 13066    56452.3490  1403    58344.6500    52852.4772 22126311    9.41%
  41280 13269        cutoff          58344.6500    52854.0946 22263800    9.41%
  41351 13280    54816.8020  2121    58344.6500    52858.7444 22273758    9.40%
  41414 13301    56305.2621  2072    58344.6500    52858.7444 22284263    9.40%
Elapsed time = 11912.25 sec. (2503982.10 ticks, tree = 882.39 MB, solutions = 1)
  41472 13377    55522.1157  2068    58344.6500    52865.7224 22326801    9.39%
  41515 13559    56723.3602  2127    58344.6500    52868.5003 22428706    9.39%
  41571 13571    54012.6113  2044    58344.6500    52868.5003 22437838    9.39%
  41617 13480    56176.7501  2076    58344.6500    52878.6852 22384482    9.37%
  41679 13606    57751.0009  1958    58344.6500    52879.4159 22457846    9.37%
  41725 13629    57029.8000  1540    58344.6500    52880.6032 22500901    9.37%
  41777 13655    53977.5502  2059    58344.6500    52889.3466 22510471    9.35%
  41810 13750    57611.7256  1974    58344.6500    52889.3466 22622466    9.35%
  41861 13752    53928.2451  1932    58344.6500    52889.8271 22630463    9.35%
  41923 13773    54935.7455  2049    58344.6500    52894.5359 22639864    9.34%
Elapsed time = 12074.14 sec. (2542315.60 ticks, tree = 913.97 MB, solutions = 1)
  42008 13795    55991.0637  2143    58344.6500    52901.1666 22649127    9.33%
  42128 13886        cutoff          58344.6500    52917.4968 22694773    9.30%
  42198 13902    54629.2192  2151    58344.6500    52917.4968 22730448    9.30%
  42302 13916        cutoff          58344.6500    52927.3971 22739872    9.28%
  42362 13976    54316.1261  1963    58344.6500    52928.7134 22791341    9.28%
  42409 14096    54382.4989  1418    58344.6500    52929.3515 22866828    9.28%
  42466 14230    57402.8661  1652    58344.6500    52929.7918 22951744    9.28%
  42524 14239        cutoff          58344.6500    52929.7918 22962933    9.28%
  42588 14299    55195.2900  1989    58344.6500    52934.1386 23008778    9.27%
  42641 14389    55101.5620  1533    58344.6500    52934.1530 23068584    9.27%
Elapsed time = 12249.44 sec. (2580985.61 ticks, tree = 957.59 MB, solutions = 1)
  42700 14320    56332.1487  2069    58344.6500    52934.1534 23029156    9.27%
  42748 14422    54074.2773  1386    58344.6500    52940.9483 23086759    9.26%
  42815 14457    55281.4351  2036    58344.6500    52940.9483 23143261    9.26%
  42875 14519    56619.9074  2026    58344.6500    52942.0835 23194828    9.26%
  42963 14560    55311.5764  1447    58344.6500    52942.0835 23240058    9.26%
  43019 14542    55563.4692  1529    58344.6500    52955.2016 23213285    9.24%
  43083 14721    56973.8483  2022    58344.6500    52956.1751 23336587    9.24%
  43145 14782    56046.1136  1994    58344.6500    52956.1751 23380595    9.24%
  43212 14805    57390.6182  2032    58344.6500    52958.5909 23390017    9.23%
  43273 14715    57150.6185  1948    58344.6500    52958.5909 23321939    9.23%
Elapsed time = 12421.44 sec. (2619706.12 ticks, tree = 982.93 MB, solutions = 1)
  43330 14828    56947.8290  1609    58344.6500    52961.9340 23409042    9.23%
  43383 14843    57631.1125  1046    58344.6500    52961.9340 23419617    9.23%
  43458 15038    54041.6461  2027    58344.6500    52964.1748 23578394    9.22%
  43510 15062    57597.4570  1513    58344.6500    52965.6814 23588139    9.22%
  43557 14937    55855.1214  2102    58344.6500    52965.6814 23510170    9.22%
  43612 14995    55598.7636  1928    58344.6500    52971.5015 23569174    9.21%
  43660 15094    55036.8696  1671    58344.6500    52972.2421 23614628    9.21%
  43720 15171    57634.3628  1356    58344.6500    52974.5393 23690620    9.20%
  43801 15183    56524.6968  1810    58344.6500    52975.9821 23700397    9.20%
  43853 15199        cutoff          58344.6500    52975.9821 23710533    9.20%
Elapsed time = 12592.22 sec. (2658634.74 ticks, tree = 1018.88 MB, solutions = 1)
  43917 15249    56781.4753  1768    58344.6500    52975.9821 23768200    9.20%
  43996 15298    55361.4472  2199    58344.6500    52978.0209 23810239    9.20%
  44042 15367    55827.7476  1548    58344.6500    52978.0209 23858695    9.20%
  44105 15469    57535.2767  1882    58344.6500    52981.7113 23951066    9.19%
  44153 15587    55241.9331  1875    58344.6500    52984.3321 24031515    9.19%
  44207 15596    54816.0202  1724    58344.6500    52984.3321 24040646    9.19%
  44265 15605    55373.2396  1818    58344.6500    52985.3703 24049217    9.19%
  44308 15646    57612.6135  2105    58344.6500    52985.4339 24094950    9.19%
  44354 15704    55318.4248  1549    58344.6500    52986.0897 24154536    9.18%
  44431 15674    56703.7277  1358    58344.6500    52986.0897 24114488    9.18%
Elapsed time = 12801.73 sec. (2697281.06 ticks, tree = 1058.37 MB, solutions = 1)
  44506 15697    55624.1611  1935    58344.6500    52986.8676 24123891    9.18%
  44543 15706    57554.2678  1677    58344.6500    52986.8676 24133495    9.18%
  44593 15770    56423.7781  2058    58344.6500    52987.5953 24226413    9.18%
  44642 15960        cutoff          58344.6500    52988.7895 24361147    9.18%
  44682 15966    55580.9793  1639    58344.6500    52988.7895 24371619    9.18%
  44737 16010        cutoff          58344.6500    52993.2041 24417728    9.17%
  44806 16066    57959.7214  1431    58344.6500    52993.2041 24471480    9.17%
  44850 16086    55725.2428  1559    58344.6500    52994.4668 24514461    9.17%
  44900 16112    57620.5043  1526    58344.6500    52995.5391 24523574    9.17%
  44922 16150    57026.6313  1643    58344.6500    52995.5391 24581365    9.17%
Elapsed time = 13044.25 sec. (2736568.03 ticks, tree = 1097.58 MB, solutions = 1)
  44945 16123    58217.6959  1581    58344.6500    52995.5391 24543033    9.17%
  44977 16247    57140.9051  1933    58344.6500    53000.3307 24668968    9.16%
  45011 16135    57430.0002  1812    58344.6500    53000.3307 24564005    9.16%
  45052 16275    55153.1832  1885    58344.6500    53006.4627 24688954    9.15%
  45087 16320    55662.6809  1992    58344.6500    53007.4769 24753021    9.15%
  45121 16302    55364.9510  2116    58344.6500    53007.4769 24730765    9.15%
  45163 16221    57658.5835  1867    58344.6500    53007.4769 24661965    9.15%
  45235 16336    53387.0040  2093    58344.6500    53007.4769 24792172    9.15%
  45288 16342    54138.9438  2271    58344.6500    53007.4769 24759149    9.15%
  45328 16441    57030.5086  2032    58344.6500    53007.4769 24862004    9.15%
Elapsed time = 13269.61 sec. (2776279.09 ticks, tree = 1112.59 MB, solutions = 1)
  45390 16467    55929.5248  1860    58344.6500    53013.3265 24897427    9.14%
  45463 16376    56129.2234  2041    58344.6500    53013.3265 24826872    9.14%
  45508 16493    55830.4783  1961    58344.6500    53013.3265 24913117    9.14%
  45551 16630    57209.1256  2137    58344.6500    53016.5102 25047873    9.13%
  45624 16552        cutoff          58344.6500    53016.5102 24980728    9.13%
  45668 16694    56753.8572  1993    58344.6500    53026.0913 25103398    9.12%
  45743 16659        cutoff          58344.6500    53027.8688 25077405    9.11%
  45778 16770    56862.3622  1843    58344.6500    53027.8688 25169176    9.11%
  45841 16611    56233.4607  2178    58344.6500    53027.8688 25035237    9.11%
  45898 16871    57482.8191  1796    58344.6500    53046.5002 25268523    9.08%
Elapsed time = 13572.06 sec. (2815286.45 ticks, tree = 1150.06 MB, solutions = 1)
  45954 16789    57954.6865  2210    58344.6500    53046.5002 25196306    9.08%
  46010 16935    55271.8610  1991    58344.6500    53048.0010 25326212    9.08%
  46057 16988    55828.0074  2150    58344.6500    53050.9574 25382718    9.07%
  46119 17001    56852.4414  2062    58344.6500    53050.9574 25392730    9.07%
  46170 16906    55105.8442  1866    58344.6500    53050.9574 25313213    9.07%
  46212 17063    58116.7645  2083    58344.6500    53061.1693 25439826    9.06%
  46237 17120    57960.7650  1787    58344.6500    53061.1693 25499968    9.06%
  46257 17126    57637.4264  1446    58344.6500    53061.1693 25508756    9.06%
  46303 17141    57551.6324  2101    58344.6500    53075.5067 25544394    9.03%
  46330 17182    54946.7052  1535    58344.6500    53075.5067 25595463    9.03%
Elapsed time = 13882.20 sec. (2854184.73 ticks, tree = 1178.01 MB, solutions = 1)
  46358 17196    57152.8455  1355    58344.6500    53075.5067 25605797    9.03%
  46384 17248    58300.9411  1608    58344.6500    53080.5861 25661349    9.02%
  46416 17146    53537.8861  2156    58344.6500    53080.5861 25553230    9.02%
  46454 17221    56000.5647  1553    58344.6500    53080.5861 25643071    9.02%
  46515 17337    54970.2927  1260    58344.6500    53084.5745 25749730    9.02%
  46574 17360    57348.1816  1199    58344.6500    53084.5745 25758750    9.02%
  46626 17287    58031.5569  1159    58344.6500    53084.5745 25707314    9.02%
  46683 17355    56185.6000  1968    58344.6500    53093.3208 25744180    9.00%
  46752 17442    57975.1360  1457    58344.6500    53093.7115 25869730    9.00%
  46795 17444    55158.7187  1967    58344.6500    53093.7115 25878716    9.00%
Elapsed time = 14160.45 sec. (2893098.10 ticks, tree = 1200.27 MB, solutions = 1)
  46856 17386    57475.5323  2012    58344.6500    53093.7115 25801320    9.00%
  46894 17559    55676.9082  2071    58344.6500    53096.7285 25976176    8.99%
  46927 17523    56527.6157  2164    58344.6500    53096.7285 25928997    8.99%
  46977 17538    58332.4974  2052    58344.6500    53096.7285 25938695    8.99%
  47014 17691    58031.4305  1908    58344.6500    53100.1864 26083078    8.99%
  47064 17654    56966.5395  1655    58344.6500    53100.1864 26033614    8.99%
  47129 17707    56701.6027  1946    58344.6500    53100.1864 26102809    8.99%
  47162 17669    56979.7728  2195    58344.6500    53104.5627 26051567    8.98%
  47230 17693    58240.6449  1843    58344.6500    53104.5627 26060998    8.98%

GUB cover cuts applied:  249
Cover cuts applied:  13
Implied bound cuts applied:  383
Flow cuts applied:  281
Mixed integer rounding cuts applied:  3452
Zero-half cuts applied:  210
Lift and project cuts applied:  94
Gomory fractional cuts applied:  31

Root node processing (before b&c):
  Real time             =   51.98 sec. (15086.46 ticks)
Parallel b&c, 4 threads:
  Real time             = 14349.27 sec. (2916129.83 ticks)
  Sync time (average)   =  393.76 sec.
  Wait time (average)   =    0.11 sec.
                          ------------
Total (root+branch&cut) = 14401.25 sec. (2931216.29 ticks)
