Version identifier: 22.1.1.0 | 2022-11-27 | 9160aff4d
CPXPARAM_Read_DataCheck                          1
CPXPARAM_TimeLimit                               14400
1 of 1 MIP starts provided solutions.
MIP start 'm1' defined initial solution with objective 62388.8100.
Tried aggregator 4 times.
MIP Presolve eliminated 3597 rows and 5735 columns.
MIP Presolve modified 9840 coefficients.
Aggregator did 434 substitutions.
Reduced MIP has 6309 rows, 8881 columns, and 31220 nonzeros.
Reduced MIP has 6127 binaries, 2754 generals, 0 SOSs, and 0 indicators.
Presolve time = 0.30 sec. (57.06 ticks)
Probing fixed 0 vars, tightened 1224 bounds.
Probing time = 0.11 sec. (4.33 ticks)
Tried aggregator 6 times.
MIP Presolve eliminated 591 rows and 866 columns.
MIP Presolve modified 15 coefficients.
Aggregator did 314 substitutions.
Reduced MIP has 5404 rows, 7701 columns, and 26753 nonzeros.
Reduced MIP has 6261 binaries, 1440 generals, 0 SOSs, and 0 indicators.
Presolve time = 0.56 sec. (106.72 ticks)
Probing time = 0.05 sec. (2.44 ticks)
Tried aggregator 5 times.
Detecting symmetries...
MIP Presolve eliminated 724 rows and 622 columns.
MIP Presolve modified 123 coefficients.
Aggregator did 376 substitutions.
Reduced MIP has 4304 rows, 6703 columns, and 22926 nonzeros.
Reduced MIP has 5263 binaries, 1440 generals, 0 SOSs, and 0 indicators.
Presolve time = 0.19 sec. (37.64 ticks)
Probing time = 0.06 sec. (2.96 ticks)
Clique table members: 16437.
MIP emphasis: balance optimality and feasibility.
MIP search method: dynamic search.
Parallel mode: deterministic, using up to 4 threads.
Root relaxation solution time = 0.17 sec. (50.44 ticks)

        Nodes                                         Cuts/
   Node  Left     Objective  IInf  Best Integer    Best Bound    ItCnt     Gap

*     0+    0                        62388.8100        0.0000           100.00%
      0     0    10576.9228   217    62388.8100    10576.9228     2188   83.05%
      0     0    17804.6282   569    62388.8100     Cuts: 653     3947   71.46%
      0     0    21468.8218   791    62388.8100     Cuts: 566     5433   65.59%
      0     0    23066.8081   941    62388.8100     Cuts: 369     6604   63.03%
      0     0    25109.7090  1242    62388.8100     Cuts: 353     7651   59.75%
      0     0    25623.9820  1392    62388.8100     Cuts: 319     8490   58.93%
Detecting symmetries...
      0     0    25942.4027  1320    62388.8100     Cuts: 240     9163   58.42%
      0     0    26203.6222  1375    62388.8100     Cuts: 217     9783   58.00%
      0     0    26412.9288  1427    62388.8100     Cuts: 161    10362   57.66%
      0     0    26577.6271  1510    62388.8100     Cuts: 111    10836   57.40%
      0     0    26634.8843  1477    62388.8100     Cuts: 115    11179   57.31%
      0     0    26664.3460  1586    62388.8100     Cuts: 102    11471   57.26%
      0     0    26700.1017  1557    62388.8100      Cuts: 82    11728   57.20%
      0     0    26733.6360  1596    62388.8100      Cuts: 60    11990   57.15%
      0     0    26781.7476  1595    62388.8100      Cuts: 71    12317   57.07%
      0     0    26843.1722  1600    62388.8100      Cuts: 59    12748   56.97%
      0     0    26902.9042  1541    62388.8100     Cuts: 126    13132   56.88%
      0     0    26932.0630  1583    62388.8100      Cuts: 99    13431   56.83%
      0     0    26974.4627  1510    62388.8100      Cuts: 87    13737   56.76%
      0     0    27181.1147  1534    62388.8100      Cuts: 88    14090   56.43%
      0     0    27292.7053  1621    62388.8100     Cuts: 121    14417   56.25%
      0     0    27391.8535  1584    62388.8100     Cuts: 132    14837   56.09%
      0     0    27454.8489  1580    62388.8100     Cuts: 112    15155   55.99%
      0     0    27528.1068  1637    62388.8100     Cuts: 119    15457   55.88%
      0     0    27592.2756  1638    62388.8100      Cuts: 99    15766   55.77%
      0     0    27625.7839  1584    62388.8100      Cuts: 69    16044   55.72%
      0     0    27659.1360  1583    62388.8100      Cuts: 71    16230   55.67%
      0     0    27694.3777  1602    62388.8100      Cuts: 67    16436   55.61%
      0     0    27718.6226  1618    62388.8100      Cuts: 49    16671   55.57%
      0     0    27726.3267  1583    62388.8100      Cuts: 51    16822   55.56%
      0     0    27726.8058  1643    62388.8100      Cuts: 41    16895   55.56%
      0     0    27727.5824  1604    62388.8100      Cuts: 15    16965   55.56%
      0     0    28293.4772  1526    62388.8100     Cuts: 139    18110   54.65%
      0     0    28480.4709  1597    62388.8100     Cuts: 251    18950   54.35%
      0     0    28554.8572  1627    62388.8100     Cuts: 143    19447   54.23%
      0     0    28625.8102  1672    62388.8100     Cuts: 136    19804   54.12%
      0     0    28677.5087  1654    62388.8100      Cuts: 87    20131   54.03%
      0     0    28724.8180  1697    62388.8100      Cuts: 88    20452   53.96%
      0     0    28739.8564  1724    62388.8100      Cuts: 59    20719   53.93%
      0     0    28790.5392  1725    62388.8100      Cuts: 63    20966   53.85%
      0     0    28832.9257  1725    62388.8100      Cuts: 69    21220   53.79%
      0     0    28860.8970  1723    62388.8100      Cuts: 62    21468   53.74%
      0     0    28868.9378  1736    62388.8100      Cuts: 49    21571   53.73%
Detecting symmetries...
      0     2    28868.9378  1695    62388.8100    28868.9378    21571   53.73%
Elapsed time = 59.31 sec. (11341.67 ticks, tree = 0.02 MB, solutions = 1)
      1     3    29114.3351  1506    62388.8100    28869.6412    22823   53.73%
      2     4    32765.9234  1449    62388.8100    28869.6412    24329   53.73%
      5     7    33109.1330  1430    62388.8100    28869.6412    27792   53.73%
      7     9    33197.7436  1379    62388.8100    28869.6412    29653   53.73%
      9     5    33482.1081  1351    62388.8100    28869.6412    25213   53.73%
     14    14    34030.0633  1319    62388.8100    28869.6412    32167   53.73%
     22    20    29168.9097  1585    62388.8100    29034.1705    36663   53.46%
     28    24    35880.5952  1260    62388.8100    29034.1705    39119   53.46%
     35    34    35931.8248  1275    62388.8100    29034.1705    46648   53.46%
     50    45    30853.3411  1387    62388.8100    29034.1705    59755   53.46%
Elapsed time = 77.55 sec. (15111.17 ticks, tree = 0.37 MB, solutions = 1)
    139    92    33440.5872  1140    62388.8100    29034.1705    84334   53.46%
    259   244    60330.8966   789    62388.8100    29034.1705   104906   53.46%
    373   297    49596.0068   977    62388.8100    29034.1705   112905   53.46%
    493   404    29857.5571  1515    62388.8100    29034.1705   124869   53.46%
    605   468    31805.6526  1380    62388.8100    29034.1705   137544   53.46%
    694   625    33266.3471  1289    62388.8100    29169.3309   161667   53.25%
    768   704    31833.2546  1292    62388.8100    29731.5111   176101   52.34%
    859   795    37597.3569  1039    62388.8100    29731.5111   188991   52.34%
    973   890    50630.2120   976    62388.8100    29731.5111   205545   52.34%
   1149  1039    57101.3247   738    62388.8100    29731.5111   217952   52.34%
Elapsed time = 124.48 sec. (24708.43 ticks, tree = 41.04 MB, solutions = 1)
   1291  1136    48237.7159   965    62388.8100    29731.5111   229038   52.34%

Performing restart 1

Repeating presolve.
Tried aggregator 1 time.
MIP Presolve modified 18 coefficients.
Reduced MIP has 4304 rows, 6703 columns, and 22920 nonzeros.
Reduced MIP has 5263 binaries, 1440 generals, 0 SOSs, and 0 indicators.
Presolve time = 0.06 sec. (12.69 ticks)
Tried aggregator 1 time.
Reduced MIP has 4304 rows, 6703 columns, and 22920 nonzeros.
Reduced MIP has 5263 binaries, 1440 generals, 0 SOSs, and 0 indicators.
Presolve time = 0.08 sec. (15.13 ticks)
Represolve time = 0.44 sec. (60.94 ticks)
   1293     0    29962.8443  1640    62388.8100    Cuts: 1176   247865   51.97%
   1293     0    31159.9154  1591    62388.8100    Cuts: 1176   249840   50.06%
   1293     0    32180.7453  1755    62388.8100    Cuts: 1176   251744   48.42%
   1293     0    32675.1039  1783    62388.8100    Cuts: 1176   253160   47.63%
   1293     0    33248.6164  1833    62388.8100    Cuts: 1176   255083   46.71%
   1293     0    33804.2665  1733    62388.8100    Cuts: 1176   256555   45.82%
   1293     0    34113.0542  1923    62388.8100    Cuts: 1176   258091   45.32%
   1293     0    34691.0961  1776    62388.8100    Cuts: 1176   259618   44.40%
   1293     0    34992.5522  1871    62388.8100    Cuts: 1176   260894   43.91%
   1293     0    35274.7311  1744    62388.8100    Cuts: 1176   262173   43.46%
   1293     0    35545.5052  1814    62388.8100    Cuts: 1176   263592   43.03%
   1293     0    35829.5994  1880    62388.8100    Cuts: 1176   265052   42.57%
   1293     0    36057.6019  1820    62388.8100    Cuts: 1176   266582   42.21%
   1293     0    36143.9517  1867    62388.8100    Cuts: 1176   267552   42.07%
   1293     0    36278.9644  1944    62388.8100    Cuts: 1176   268831   41.85%
   1293     0    36462.1279  1891    62388.8100    Cuts: 1176   269975   41.56%
   1293     0    36580.0287  1806    62388.8100    Cuts: 1176   270907   41.37%
   1293     0    36666.6510  1919    62388.8100    Cuts: 1176   271953   41.23%
   1293     0    36795.7129  1965    62388.8100    Cuts: 1176   273300   41.02%
   1293     0    36997.0331  2012    62388.8100    Cuts: 1176   274584   40.70%
   1293     0    37106.9379  1877    62388.8100    Cuts: 1176   275511   40.52%
   1293     0    37181.6703  1945    62388.8100    Cuts: 1176   276288   40.40%
   1293     0    37220.8885  1977    62388.8100    Cuts: 1170   277118   40.34%
   1293     0    37284.6742  1945    62388.8100    Cuts: 1023   278050   40.24%
   1293     0    37377.2583  1933    62388.8100    Cuts: 1011   279158   40.09%
   1293     0    37436.7732  2011    62388.8100    Cuts: 1176   279998   39.99%
   1293     0    37458.4588  1932    62388.8100    Cuts: 1035   280682   39.96%
   1293     0    37508.0551  1902    62388.8100    Cuts: 1139   281607   39.88%
   1293     0    37547.2266  1926    62388.8100    Cuts: 1176   282455   39.82%
   1293     0    37582.9281  1885    62388.8100    Cuts: 1116   283328   39.76%
   1293     0    37628.6017  1944    62388.8100    Cuts: 1176   284100   39.69%
   1293     0    37693.5331  1870    62388.8100    Cuts: 1176   285025   39.58%
   1293     0    37727.2757  1839    62388.8100    Cuts: 1176   285718   39.53%
   1293     0    37815.2114  1858    62388.8100    Cuts: 1013   286635   39.39%
   1293     0    37877.2010  1954    62388.8100    Cuts: 1176   287413   39.29%
   1293     0    37929.9345  1824    62388.8100    Cuts: 1176   288116   39.20%
   1293     0    37953.8530  1836    62388.8100    Cuts: 1176   288831   39.17%
   1293     0    37971.6175  1905    62388.8100    Cuts: 1176   289548   39.14%
   1293     0    37997.6551  1988    62388.8100    Cuts: 1075   290206   39.10%
   1293     0    38044.7585  2018    62388.8100     Cuts: 995   290980   39.02%
   1293     0    38081.8600  2070    62388.8100     Cuts: 918   291638   38.96%
   1293     0    38108.3956  1979    62388.8100     Cuts: 877   292441   38.92%
   1293     0    38126.9269  1895    62388.8100     Cuts: 846   293030   38.89%
   1293     0    38149.5884  2039    62388.8100     Cuts: 894   293650   38.85%
   1293     0    38166.5484  1939    62388.8100     Cuts: 625   294235   38.82%
   1293     0    38182.5382  1974    62388.8100     Cuts: 672   294768   38.80%
   1293     0    38204.4376  1888    62388.8100     Cuts: 633   295214   38.76%
   1293     0    38225.2565  1953    62388.8100     Cuts: 739   295804   38.73%
   1293     0    38242.6737  1946    62388.8100    Cuts: 1176   296483   38.70%
   1293     0    38265.8170  1940    62388.8100    Cuts: 1042   297078   38.67%
   1293     0    38278.1412  1910    62388.8100     Cuts: 888   297714   38.65%
   1293     0    38294.5118  1812    62388.8100     Cuts: 754   298446   38.62%
   1293     0    38295.3218  1949    62388.8100    Cuts: 1176   298858   38.62%
   1293     0    38335.2853  1914    62388.8100    Cuts: 1110   299908   38.55%
   1293     0    38338.6947  1951    62388.8100    Cuts: 1176   300246   38.55%
   1293     0    38353.8593  1988    62388.8100    Cuts: 1002   300887   38.52%
   1293     2    38353.8593  1889    62388.8100    38353.8593   300887   38.52%
   1299     8    38458.7908  1667    62388.8100    38356.8475   302744   38.52%
*  1303+    3                        62223.5400    38356.8475            38.36%
   1310    17    41652.2424  1470    62223.5400    38356.8475   310469   38.36%
   1322    29    41137.5247  1551    62223.5400    38356.8475   322112   38.36%
   1327    33    38717.0036  1775    62223.5400    38401.2555   327126   38.29%
   1335    39    40834.6678  1709    62223.5400    38446.7937   336508   38.21%
   1345    48    38912.9304  1713    62223.5400    38446.7937   342683   38.21%
   1352    60    40247.7537  1813    62223.5400    38446.7937   360074   38.21%
   1368    64    42460.6876  1700    62223.5400    38446.7937   366546   38.21%
Elapsed time = 449.78 sec. (88638.85 ticks, tree = 0.40 MB, solutions = 2)
   1379    84    40259.5315  1758    62223.5400    38446.7937   397250   38.21%
   1402    93    41224.3138  1698    62223.5400    38446.7937   413035   38.21%
   1425   113    38871.5298  1606    62223.5400    38446.7937   428291   38.21%
   1449   113    41271.3034  1631    62223.5400    38446.7937   426510   38.21%
   1485   155    41529.1204  1698    62223.5400    38446.7937   457152   38.21%
   1499   159    41379.6455  1700    62223.5400    38446.7937   461904   38.21%
   1519   213    40478.7446  1615    62223.5400    38446.7937   483353   38.21%
   1540   230    40632.4789  1613    62223.5400    38446.7937   493631   38.21%
   1566   236    41680.4868  1721    62223.5400    38446.7937   495747   38.21%
   1605   259    41987.0143  1732    62223.5400    38446.7937   503608   38.21%
Elapsed time = 498.66 sec. (98399.72 ticks, tree = 3.38 MB, solutions = 2)
   1653   315    43316.3176  1518    62223.5400    38446.7937   516813   38.21%
   1685   375    43199.3204  1499    62223.5400    38446.7937   535812   38.21%
   1729   384    42030.0873  1480    62223.5400    38446.7937   538809   38.21%
   1787   439    41347.2091  1399    62223.5400    38446.7937   553195   38.21%
   1813   449    41347.0174  1437    62223.5400    38446.7937   555619   38.21%
   1862   515    44170.4996  1435    62223.5400    38446.7937   567401   38.21%
   1890   543    41945.2729  1357    62223.5400    38446.7937   574584   38.21%
   1941   593    42103.0200  1418    62223.5400    38446.7937   587313   38.21%
   1995   603    42425.3593  1405    62223.5400    38446.7937   588641   38.21%
   2073   644    43366.0997  1730    62223.5400    38446.7937   602959   38.21%
Elapsed time = 548.58 sec. (108457.41 ticks, tree = 20.97 MB, solutions = 2)
   2141   686    42252.2549  1378    62223.5400    38446.7937   607014   38.21%
   2190   781    44283.6031  1617    62223.5400    38446.7937   629170   38.21%
   2245   809    43797.8456  1290    62223.5400    38446.7937   633935   38.21%
   2320   940    47085.8629  1273    62223.5400    38446.7937   655861   38.21%
   2386   961    44120.5283  1272    62223.5400    38446.7937   659221   38.21%
   2458  1054    46055.2167  1229    62223.5400    38446.7937   679366   38.21%
   2552  1123    46871.6839  1586    62223.5400    38446.7937   693073   38.21%
   2616  1274    48208.6523  1341    62223.5400    38446.7937   712633   38.21%
   2701  1320    50162.6230  1149    62223.5400    38446.7937   719584   38.21%
   2815  1381    48717.9694  1313    62223.5400    38446.7937   727650   38.21%
Elapsed time = 596.23 sec. (118156.19 ticks, tree = 55.19 MB, solutions = 2)
   2918  1572    45712.2070  1367    62223.5400    38446.7937   751325   38.21%
   3023  1607    46740.0367  1311    62223.5400    38446.7937   755043   38.21%
   3182  1790    46496.4969  1293    62223.5400    38446.7937   776396   38.21%
   3290  1854    62131.8157  1001    62223.5400    38446.7937   782934   38.21%
   3373  2003    53922.3539  1228    62223.5400    38446.7937   799773   38.21%
   3452  2094    50084.6341  1251    62223.5400    38446.7937   814132   38.21%
   3530  2122    53096.2311  1185    62223.5400    38446.7937   817915   38.21%
   3607  2209    60665.9340  1103    62223.5400    38446.7937   829674   38.21%
   3684  2238    57450.9429  1240    62223.5400    38446.7937   838748   38.21%
   3711  2274    56520.7136  1328    62223.5400    38446.7937   845823   38.21%
Elapsed time = 646.01 sec. (127896.76 ticks, tree = 97.00 MB, solutions = 2)
   3748  2379    60948.0509  1148    62223.5400    38454.2919   857812   38.20%
   3782  2394    58952.2050  1220    62223.5400    38454.2919   864751   38.20%
   3820  2451    57056.0076  1266    62223.5400    38454.2919   884372   38.20%
   3865  2458    42356.8684  1635    62223.5400    38454.2919   893077   38.20%
   3900  2464    41911.6644  1485    62223.5400    38454.2919   895515   38.20%
   3949  2550    58054.8527  1247    62223.5400    38454.2919   912192   38.20%
   4002  2571    44334.4119  1537    62223.5400    38454.2919   926692   38.20%
   4048  2671    43659.7106  1183    62223.5400    38480.0142   945985   38.16%
   4098  2715    42959.0328  1251    62223.5400    38480.0142   963982   38.16%
   4155  2696    44698.5402  1580    62223.5400    38480.0142   956054   38.16%
Elapsed time = 695.19 sec. (137560.84 ticks, tree = 114.92 MB, solutions = 2)
   4186  2776    43834.3797  1132    62223.5400    38480.0142   975976   38.16%
   4251  2851    44565.0208  1165    62223.5400    38480.0142   994718   38.16%
   4329  2824    43500.7954  1270    62223.5400    38480.0142   991184   38.16%
   4385  2923    43750.8811  1231    62223.5400    38480.0142  1015416   38.16%
   4449  2942    44070.1343  1196    62223.5400    38480.0142  1018697   38.16%
   4533  3021    46693.5885  1345    62223.5400    38480.0142  1031661   38.16%
   4604  3137    46263.9386  1328    62223.5400    38480.0142  1052916   38.16%
   4690  3282    51707.8899  1079    62223.5400    38480.0142  1070476   38.16%
   4834  3340    54081.2033  1055    62223.5400    38480.0142  1074490   38.16%
   5013  3464    47076.2140  1062    62223.5400    38480.0142  1092944   38.16%
Elapsed time = 743.66 sec. (147209.36 ticks, tree = 151.94 MB, solutions = 2)
   5132  3492    46039.8601  1200    62223.5400    38480.0142  1095403   38.16%
*  5182+ 3418                        61371.3100    38480.0142            37.30%
   5253  3776    60243.5147  1039    61371.3100    38480.0142  1122416   37.30%
   5363  3712    51508.1073  1153    61371.3100    38480.0142  1113392   37.30%
   5443  3876    49034.3372  1172    61371.3100    38480.0142  1132273   37.30%
   5573  3930    49431.2984  1119    61371.3100    38480.0142  1135687   37.30%
   5672  4201    53467.8958   985    61371.3100    38480.0142  1167221   37.30%
   5748  4158    49689.5675  1273    61371.3100    38480.0142  1165996   37.30%
   5829  4304    51948.0755  1169    61371.3100    38480.0142  1181194   37.30%
   5986  4359    53205.5934   909    61371.3100    38480.0142  1184764   37.30%
   6184  4687    43502.1419  1760    61371.3100    38503.2426  1234469   37.26%
Elapsed time = 806.91 sec. (159741.50 ticks, tree = 211.80 MB, solutions = 3)
   6242  4720    39283.3444  1758    61371.3100    38813.3876  1259175   36.76%
   6404  4861    42654.7502  1724    61371.3100    38813.3876  1317640   36.76%
   6514  5025    48671.0696  1534    61371.3100    38912.9385  1370741   36.59%
   6686  5126    45456.6858  1682    61371.3100    38912.9385  1402049   36.59%
   6852  5291    42610.7086  1650    61371.3100    38957.9731  1441061   36.52%
   7103  5435    54122.9911  1519    61371.3100    38957.9731  1475563   36.52%
   7354  5666    43292.2212  1821    61371.3100    38958.2826  1519912   36.52%
   7538  5973    42597.1965  1946    61371.3100    38981.0518  1561801   36.48%
   7770  6088    46024.7416  1672    61371.3100    38995.3671  1599113   36.46%
   8026  6369    60814.8263  1426    61371.3100    39012.4514  1651440   36.43%
Elapsed time = 1006.05 sec. (198133.55 ticks, tree = 281.02 MB, solutions = 3)
   8277  6731    56038.4404  1569    61371.3100    39012.4514  1707396   36.43%
   8482  6950    56469.0542  1210    61371.3100    39017.1723  1743722   36.42%
   8559  7008    45766.4682  1657    61371.3100    39028.5774  1775488   36.41%
   8676  7075    51884.3150  1518    61371.3100    39028.5774  1808799   36.41%
   8830  7224    55818.7878  1325    61371.3100    39028.5774  1868259   36.41%
   9079  7345    57826.7739  1234    61371.3100    39028.5774  1908313   36.41%
   9214  7592    46159.3872  1684    61371.3100    39050.6764  1964703   36.37%
   9389  7738    50237.8794  1523    61371.3100    39054.6244  2001195   36.36%
   9753  8080    55788.2237  1459    61371.3100    39054.6244  2076409   36.36%
   9937  8329    40278.8882  1980    61371.3100    39054.6244  2121373   36.36%
Elapsed time = 1207.41 sec. (236591.52 ticks, tree = 364.42 MB, solutions = 3)
  10058  8391    56427.5062  1466    61371.3100    39070.5994  2139802   36.34%
  10214  8569    48994.6171  1538    61371.3100    39078.1892  2199286   36.32%
  10449  8738    55424.6954  1454    61371.3100    39078.1892  2246055   36.32%
  10658  9025    47622.0700  1703    61371.3100    39080.3786  2305076   36.32%
  10786  9149    57998.9041  1463    61371.3100    39090.0266  2349143   36.31%
  10933  9204    46345.0226  1795    61371.3100    39114.6585  2368131   36.27%
  11050  9353    49845.5317  1611    61371.3100    39123.4633  2411389   36.25%
  11228  9451    52825.0912  1464    61371.3100    39123.4633  2458653   36.25%
  11431  9660    60231.9714  1416    61371.3100    39124.5206  2509434   36.25%
  11576  9776    55306.7878  1351    61371.3100    39124.5440  2534834   36.25%
Elapsed time = 1414.30 sec. (274901.39 ticks, tree = 407.75 MB, solutions = 3)
  11802 10052    58878.1084  1114    61371.3100    39124.5440  2586820   36.25%
  11916 10253    49098.0535  1659    61371.3100    39129.2455  2653980   36.24%
  12017 10325    52496.0859  1720    61371.3100    39142.4440  2693998   36.22%
  12133 10400    50910.1708  1581    61371.3100    39142.4440  2736569   36.22%
  12251 10561    54448.7718  1505    61371.3100    39142.4440  2798457   36.22%
  12493 10625    52259.2128  1406    61371.3100    39142.4440  2819636   36.22%
  12740 10787    46546.7910  1834    61371.3100    39142.4440  2866637   36.22%
  12962 11259    58637.4601  1168    61371.3100    39151.3897  2937917   36.21%
  13062 11337    57894.0255  1697    61371.3100    39151.8596  2976220   36.20%
  13180 11404    60027.7951  1338    61371.3100    39152.4661  3009223   36.20%
Elapsed time = 1619.73 sec. (313290.78 ticks, tree = 484.92 MB, solutions = 3)
  13267 11470    52809.3931  1700    61371.3100    39161.1402  3040837   36.19%
  13423 11561    49395.5747  1738    61371.3100    39161.1402  3078764   36.19%
  13634 11800    59936.3579  1485    61371.3100    39161.1402  3149321   36.19%
  13838 12099    44941.2625  1807    61371.3100    39175.1643  3215555   36.17%
  13956 12139    53311.2211  1602    61371.3100    39176.0321  3227329   36.17%
  14062 12310    50666.9635  1688    61371.3100    39178.7149  3304562   36.16%
  14202 12372    59709.5886  1266    61371.3100    39178.7149  3328307   36.16%
  14485 12405    41436.2975  1812    61371.3100    39178.7149  3340983   36.16%
  14568 12569    39887.4006  1890    61371.3100    39204.4221  3417037   36.12%
  14701 12874    55448.6086  1277    61371.3100    39204.4221  3474243   36.12%
Elapsed time = 1828.44 sec. (351808.29 ticks, tree = 533.95 MB, solutions = 3)
  14967 12904    58953.3439  1638    61371.3100    39208.7370  3495301   36.11%
  15091 13146    46987.8174  1729    61371.3100    39208.7370  3555105   36.11%
  15251 13255    52100.5664  1256    61371.3100    39208.7370  3600082   36.11%
  15440 13585    58424.8809  1328    61371.3100    39208.7370  3692049   36.11%
  15738 13717    60462.7593  1263    61371.3100    39208.7370  3705874   36.11%
  15980 13691    50059.5842  1861    61371.3100    39220.7075  3725766   36.09%
  16088 14056    54567.8170  1505    61371.3100    39236.0235  3792132   36.07%
  16308 14382    60466.0376  1249    61371.3100    39236.0235  3862933   36.07%
  16504 14530    61349.6191  1245    61371.3100    39240.9098  3916273   36.06%
  16591 14385    50028.1534  1657    61371.3100    39240.9098  3906903   36.06%
Elapsed time = 2039.62 sec. (390296.23 ticks, tree = 602.55 MB, solutions = 3)
  16684 14709    52248.6506  1716    61371.3100    39247.8516  3980696   36.05%
  16801 14831    58930.5246  1583    61371.3100    39247.8516  4026343   36.05%
  16984 14914    40514.4616  1866    61371.3100    39247.8516  4066135   36.05%
  17194 15087    55124.2096  1526    61371.3100    39247.8516  4098881   36.05%
  17389 15179    59933.9699  1626    61371.3100    39256.8209  4156140   36.03%
  17574 15204    41934.9000  1891    61371.3100    39261.0346  4167581   36.03%
  17693 15518    60614.5253  1535    61371.3100    39266.1551  4231836   36.02%
  17826 15714    54785.4452  1584    61371.3100    39266.6355  4276320   36.02%
  18014 15949    57994.8649  1390    61371.3100    39266.6355  4350500   36.02%
  18197 16064    55798.4144  1468    61371.3100    39267.5333  4398029   36.02%
Elapsed time = 2252.98 sec. (428804.99 ticks, tree = 673.85 MB, solutions = 3)
  18306 16277    53374.2359  1822    61371.3100    39270.7841  4453406   36.01%
  18427 16366    47764.9689  1745    61371.3100    39274.3074  4482802   36.01%
  18555 16523    48814.1696  1818    61371.3100    39276.9979  4544318   36.00%
  18739 16691    60888.5716  1469    61371.3100    39276.9979  4577700   36.00%
  18851 16764    41097.9164  1859    61371.3100    39276.9979  4636070   36.00%
  18970 16729    57094.1093  1177    61371.3100    39276.9979  4613402   36.00%
  19161 17087    60861.1839  1541    61371.3100    39276.9979  4734015   36.00%
  19401 17105    49274.9038  1913    61371.3100    39276.9979  4745052   36.00%
  19608 17365    57242.6961  1355    61371.3100    39283.8636  4776193   35.99%
  19819 17397    61254.1679  1573    61371.3100    39289.3698  4802307   35.98%
Elapsed time = 2463.86 sec. (467184.42 ticks, tree = 728.99 MB, solutions = 3)
  19904 17734    40166.6266  1852    61371.3100    39289.3698  4871850   35.98%
  19980 17814    48671.4438  1771    61371.3100    39291.9007  4897178   35.98%
  20076 18049    50959.9271  1862    61371.3100    39292.4669  5007997   35.98%
  20207 18089    54998.0124  1558    61371.3100    39292.4669  5019364   35.98%
  20407 18203    51429.7167  1105    61371.3100    39292.4669  5067501   35.98%
  20566 18277    53400.7613   998    61371.3100    39292.4669  5080422   35.98%
  20724 18576    53938.0124   947    61371.3100    39292.4669  5162784   35.98%
  20975 18491    52500.7066  1548    61371.3100    39292.4669  5160116   35.98%
  21184 18693    43325.3419  1765    61371.3100    39292.4669  5208100   35.98%
  21285 18846    44207.2140  1678    61371.3100    39307.9336  5258965   35.95%
Elapsed time = 2660.33 sec. (505611.82 ticks, tree = 806.20 MB, solutions = 3)
  21451 19095    50177.3660  1556    61371.3100    39308.4259  5292440   35.95%
  21666 19355    54820.5367  1474    61371.3100    39308.4259  5366362   35.95%
  21917 19481    58342.6384  1325    61371.3100    39319.7216  5377108   35.93%
  22062 19434    45523.9032  1745    61371.3100    39319.7216  5406038   35.93%
  22145 19864    48289.2953  1475    61371.3100    39323.0730  5500823   35.93%
  22342 19939    59868.9834  1421    61371.3100    39334.5765  5513986   35.91%
  22535 19977    44142.0036  1891    61371.3100    39335.7158  5541918   35.91%
  22682 20248    39428.7719  1918    61371.3100    39345.3981  5599856   35.89%
  22839 20341    59415.4761  1683    61371.3100    39345.3981  5648288   35.89%
  22999 20579    50526.6033  1604    61371.3100    39345.3981  5705123   35.89%
Elapsed time = 2821.39 sec. (544072.43 ticks, tree = 888.21 MB, solutions = 3)
  23139 20769    48951.8288  1531    61371.3100    39357.2034  5776806   35.87%
  23298 20961    48571.8785  1688    61371.3100    39357.2034  5822900   35.87%
  23555 21033    52561.4093  1497    61371.3100    39357.2034  5835025   35.87%
  23771 21240    51580.7335  1561    61371.3100    39363.6333  5894553   35.86%
  24003 21548    45522.4848  1811    61371.3100    39373.8406  5961894   35.84%
  24125 21569    48394.0261  1524    61371.3100    39373.8406  5973109   35.84%
  24214 21766    57516.4760  1495    61371.3100    39378.4066  6026310   35.84%
  24382 22072    52144.3174  1599    61371.3100    39383.8596  6106073   35.83%
  24544 22145    59333.6693  1442    61371.3100    39387.5654  6117387   35.82%
  24643 22266    55518.3555  1297    61371.3100    39387.5654  6185470   35.82%
Elapsed time = 2986.31 sec. (582394.69 ticks, tree = 925.36 MB, solutions = 3)
  24792 22209    52801.6143  1467    61371.3100    39392.9452  6173203   35.81%
  24917 22405    51973.5792  1540    61371.3100    39392.9452  6236077   35.81%
  25035 22669    52921.6987  1475    61371.3100    39392.9452  6336146   35.81%
  25221 22570    60393.5956  1156    61371.3100    39392.9452  6300756   35.81%
  25322 22974    47060.1877  1818    61371.3100    39392.9452  6424520   35.81%
  25441 23038    52893.3730  1783    61371.3100    39392.9452  6436657   35.81%
  25609 23112    56301.3924  1637    61371.3100    39392.9452  6447704   35.81%
  25844 23373    55071.6792  1687    61371.3100    39392.9452  6520993   35.81%
  26081 23437    51490.0078  1407    61371.3100    39430.4338  6559604   35.75%
  26191 23513    41934.1655  1882    61371.3100    39451.5374  6578474   35.72%
Elapsed time = 3170.11 sec. (620700.31 ticks, tree = 980.73 MB, solutions = 3)
  26341 23880    44983.4328  1772    61371.3100    39451.8445  6662816   35.72%
  26529 24000    57037.1356  1374    61371.3100    39455.7472  6687953   35.71%
  26617 24018    42205.9045  1745    61371.3100    39469.8929  6698935   35.69%
  26706 24173    48992.8231  1753    61371.3100    39485.7728  6749408   35.66%
  26815 24293    59354.2443  1601    61371.3100    39485.7728  6788940   35.66%
  26958 24408    55569.2704  1228    61371.3100    39485.7728  6819986   35.66%
  27146 24483    53850.2231  1633    61371.3100    39485.7728  6874540   35.66%
  27315 24851    54036.0015  1285    61371.3100    39485.7728  7002757   35.66%
  27398 24804    45305.5239  1841    61371.3100    39490.3254  6984781   35.65%
  27535 24768    48013.6058  1847    61371.3100    39490.3254  6965394   35.65%
Elapsed time = 3331.39 sec. (659008.94 ticks, tree = 1055.24 MB, solutions = 3)
  27636 25069    49489.9412  1820    61371.3100    39505.8801  7094465   35.63%
  27712 25071    47190.0681  1842    61371.3100    39505.8801  7080906   35.63%
  27811 25272    60868.5883  1549    61371.3100    39505.8801  7167748   35.63%
  27922 25359    55843.0882  1428    61371.3100    39505.8801  7223148   35.63%
  28019 25403    60993.4872  1088    61371.3100    39505.8801  7235435   35.63%
  28201 25676    55260.9525  1473    61371.3100    39517.0419  7360297   35.61%
  28430 25576    56755.4963  1618    61371.3100    39517.0419  7316330   35.61%
  28704 25916    60674.4415  1578    61371.3100    39517.0419  7418111   35.61%
  28812 26007    55716.2952  1567    61371.3100    39518.0063  7456029   35.61%
  28965 26063    59718.2519  1566    61371.3100    39518.3329  7467648   35.61%
Elapsed time = 3510.11 sec. (697517.37 ticks, tree = 1124.82 MB, solutions = 3)
  29128 26596    59422.2998  1325    61371.3100    39537.5695  7592473   35.58%
  29233 26712    59646.3778  1484    61371.3100    39538.9293  7623074   35.57%
  29355 26631    53885.9739  1811    61371.3100    39538.9293  7613239   35.57%
  29424 26781    46045.2166  1866    61371.3100    39538.9293  7658310   35.57%
  29495 26964    52774.5531  1345    61371.3100    39545.3996  7743254   35.56%
  29611 26910    48144.2172  1699    61371.3100    39545.3996  7732171   35.56%
  29731 27074    59143.4122  1499    61371.3100    39545.3996  7780573   35.56%
  29870 27248    60418.0514  1053    61371.3100    39545.3996  7870243   35.56%
  29965 27179    60313.3561  1561    61371.3100    39548.2644  7854438   35.56%
  30048 27323    49768.6992  1826    61371.3100    39555.8248  7904729   35.55%
Elapsed time = 3692.03 sec. (736004.97 ticks, tree = 1196.64 MB, solutions = 3)
  30189 27409    40206.8323  1869    61371.3100    39555.8248  7939343   35.55%
  30338 27632    61225.1268  1430    61371.3100    39564.3789  8006287   35.53%
  30463 27653    55755.6131  1650    61371.3100    39564.3789  8054497   35.53%
  30594 27767    44950.1520  1884    61371.3100    39569.1270  8093801   35.53%
  30682 27912    42295.5540  1820    61371.3100    39569.6885  8140759   35.52%
  30782 28115    60971.8167  1682    61371.3100    39569.9673  8208600   35.52%
  30891 28164    47912.5514  1783    61371.3100    39569.9673  8241040   35.52%
  30978 28284    44196.4807  1890    61371.3100    39573.9153  8291686   35.52%
  31093 28449    60557.6730  1559    61371.3100    39573.9153  8349771   35.52%
  31219 28458    57436.7096  1761    61371.3100    39577.0077  8370835   35.51%
Elapsed time = 3868.64 sec. (774403.14 ticks, tree = 1244.47 MB, solutions = 3)
  31325 28613    42200.6835  1913    61371.3100    39577.6244  8435660   35.51%
  31416 28717    55677.7825  1722    61371.3100    39577.6244  8469074   35.51%
  31545 28839    51831.6024  1612    61371.3100    39582.1267  8519294   35.50%
  31709 28959    53832.2939  1554    61371.3100    39585.0965  8553998   35.50%
  31807 28920    42723.0814  1667    61371.3100    39585.0965  8539646   35.50%
  31872 29238    43784.3147  1926    61371.3100    39585.0965  8663945   35.50%
  31959 29068    41920.9486  1987    61371.3100    39588.8438  8622538   35.49%
  32054 29293    59549.0689  1533    61371.3100    39588.8438  8688860   35.49%
  32152 29322    53288.7471  1369    61371.3100    39589.9625  8719109   35.49%
* 32248+29421                        59451.6900    39589.9625            33.41%
  32262 25785    53903.5007   994    59451.6900    39589.9625  8830030   33.41%
Elapsed time = 4086.26 sec. (813274.10 ticks, tree = 1121.10 MB, solutions = 4)
  32431 29603    57591.3868  1227    59451.6900    39589.9625  8840315   33.41%
  32651 29667    61126.8499  1150    59451.6900    39589.9625  8852835   33.41%
* 32726+25910                        58353.9700    39606.3831            32.13%
  32808 25994    59252.5679  1029    58353.9700    39617.4335  8910819   32.11%
  32920 23771    57771.7151  1358    58353.9700    39617.4335  8993335   32.11%
  33029 26089    52195.7204  1540    58353.9700    39619.9297  8957965   32.10%
  33125 23953    40286.7550  1919    58353.9700    39619.9297  9060317   32.10%
  33201 23968    44706.9511  1800    58353.9700    39621.5055  9070781   32.10%
  33304 24001    47614.9642  1781    58353.9700    39621.5055  9081338   32.10%
  33413 24165    57987.1551  1642    58353.9700    39624.8569  9165610   32.10%
  33547 24305    57791.6641  1453    58353.9700    39629.3858  9224134   32.09%
Elapsed time = 4287.59 sec. (851621.37 ticks, tree = 1058.03 MB, solutions = 5)
  33654 24443    42830.3044  2006    58353.9700    39632.6783  9290211   32.08%
  33730 24553    49097.2195  1842    58353.9700    39635.0984  9329640   32.08%
  33886 24723    54338.0171  1377    58353.9700    39639.5535  9378817   32.07%
  33967 24781    42149.2401  2006    58353.9700    39642.4062  9409301   32.07%
  34053 24750    44364.7348  1834    58353.9700    39642.4062  9399400   32.07%
  34219 24862    53263.9082  1261    58353.9700    39646.4004  9432842   32.06%
  34432 24947    39870.1083  2040    58353.9700    39646.4004  9471485   32.06%
  34525 25035    40045.6347  1858    58353.9700    39646.4004  9503733   32.06%
  34574 25229    46519.6222  1668    58353.9700    39647.1308  9592899   32.06%
  34657 25447    51091.1768  1781    58353.9700    39650.8396  9648298   32.05%
Elapsed time = 4481.19 sec. (890034.54 ticks, tree = 1114.04 MB, solutions = 5)
  34744 25510    53093.5608  1505    58353.9700    39650.8396  9707744   32.05%
  34806 25600    44814.3609  1855    58353.9700    39650.8396  9739182   32.05%
  34904 25700    53362.2642  1482    58353.9700    39650.8396  9796312   32.05%
  35005 25725    41926.6196  1788    58353.9700    39650.8396  9807940   32.05%
  35142 25862    58255.5367  1474    58353.9700    39652.8162  9867803   32.05%
  35232 26005    50608.4991  1368    58353.9700    39663.1351  9951094   32.03%
  35416 26010    55691.3404  1432    58353.9700    39663.1351  9934179   32.03%
  35535 26115    48084.5070  1826    58353.9700    39665.5420  9973599   32.03%
  35641 26137    44472.2444  1880    58353.9700    39666.4809 10005493   32.02%
  35740 26422    42998.9007  1977    58353.9700    39666.4809 10086279   32.02%
Elapsed time = 4678.50 sec. (928572.25 ticks, tree = 1174.44 MB, solutions = 5)
  35823 26568    54094.3290  1753    58353.9700    39670.2891 10144051   32.02%
  35916 26619    49276.0873  1804    58353.9700    39673.9729 10176102   32.01%
  35999 26655    53166.3575  1529    58353.9700    39673.9729 10186657   32.01%
  36081 26713    54585.7469  1706    58353.9700    39680.9696 10228856   32.00%
  36175 26842    54566.5598  1366    58353.9700    39683.9461 10287740   31.99%
  36248 26871    44298.9449  1822    58353.9700    39685.0127 10316278   31.99%
  36319 26972    55039.7326  1468    58353.9700    39685.0127 10376032   31.99%
  36432 27083    49010.6086  1231    58353.9700    39686.2686 10418779   31.99%
  36591 27011    45607.0910  1832    58353.9700    39686.2686 10398431   31.99%
  36661 27186    46453.4231  1913    58353.9700    39687.9786 10489752   31.99%
Elapsed time = 4893.47 sec. (967449.26 ticks, tree = 1201.83 MB, solutions = 5)
  36777 27457    56918.8608  1720    58353.9700    39693.0999 10606391   31.98%
  36858 27266    49605.0678  1800    58353.9700    39693.0999 10529991   31.98%
  36957 27503    47386.7825  1702    58353.9700    39694.0344 10627710   31.98%
  37100 27666    53213.1011  1570    58353.9700    39704.3373 10706679   31.96%
  37212 27575    46160.1255  1699    58353.9700    39704.3373 10665627   31.96%
  37310 27717    45704.9169  1611    58353.9700    39711.6662 10726711   31.95%
  37478 28045    53408.2887  1475    58353.9700    39714.8570 10863739   31.94%
  37610 27955    49039.6589  1823    58353.9700    39714.8570 10796305   31.94%
  37697 28060    44455.5238  1943    58353.9700    39719.7066 10855125   31.93%
  37792 28133    46859.3937  1750    58353.9700    39720.2509 10895680   31.93%
Elapsed time = 5087.84 sec. (1005932.20 ticks, tree = 1252.68 MB, solutions = 5)
  37877 28245    53552.1306  1392    58353.9700    39720.2603 10924686   31.93%
  37940 28371    45700.4023  1869    58353.9700    39726.6626 10984407   31.92%
  38015 28541    46717.7372  1743    58353.9700    39732.4856 11045843   31.91%
  38091 28638    50524.3724  1737    58353.9700    39737.0629 11113152   31.90%
  38149 28689    55837.9518  1490    58353.9700    39738.5000 11156838   31.90%
  38233 28678    56041.8995  1317    58353.9700    39739.6531 11136590   31.90%
  38336 28856    58198.5790  1539    58353.9700    39739.6531 11225090   31.90%
  38453 28870    42533.4936  1826    58353.9700    39739.6531 11235025   31.90%
  38589 28979    55215.0611  1929    58353.9700    39741.2059 11324991   31.90%
  38733 29206    57144.6360  1748    58353.9700    39753.3313 11418004   31.88%
Elapsed time = 5321.91 sec. (1044618.26 ticks, tree = 1294.84 MB, solutions = 5)
  38878 29179    52607.7581  1518    58353.9700    39753.3313 11398583   31.88%
  38967 29250    49953.1920  1771    58353.9700    39756.3711 11439781   31.87%
  39075 29454    41816.6492  1874    58353.9700    39759.3143 11501008   31.87%
  39161 29473    47320.1545  1815    58353.9700    39759.3143 11511079   31.87%
  39266 29761    53570.7282  1699    58353.9700    39761.4394 11626751   31.86%
  39390 29681    42845.6986  2014    58353.9700    39763.4677 11588429   31.86%
  39481 29851    45618.1269  1824    58353.9700    39764.5576 11673510   31.86%
  39580 29885    48166.9225  1692    58353.9700    39770.6666 11685111   31.85%
  39682 30050    44813.5921  1847    58353.9700    39773.6843 11743095   31.84%
  39786 30116    53815.0186  1476    58353.9700    39773.6843 11787514   31.84%
Elapsed time = 5529.69 sec. (1083280.46 ticks, tree = 1351.58 MB, solutions = 5)
  39894 30141    56151.0932  1369    58353.9700    39774.2942 11799676   31.84%
  39975 30260    55898.0030  1813    58353.9700    39774.2942 11862023   31.84%
  40097 30391    55717.0119  1596    58353.9700    39775.5101 11888921   31.84%
  40164 30547    44601.1737  1874    58353.9700    39775.5101 11988679   31.84%
  40271 30531    54727.3315  1582    58353.9700    39792.0949 11972800   31.81%
  40421 30724    54853.4508  1598    58353.9700    39792.0949 12057504   31.81%
  40516 30674    48644.2558  1806    58353.9700    39795.9509 12036572   31.80%
  40648 30908    51943.7309  1721    58353.9700    39795.9509 12149741   31.80%
* 40666+30845                        57685.4500    39795.9509            31.01%
  40787 29498    57443.3227  1407    57685.4500    39805.1875 12243097   31.00%
  40875 30949    47764.6468  1347    57685.4500    39805.1875 12172184   31.00%
Elapsed time = 5732.12 sec. (1121915.86 ticks, tree = 1386.20 MB, solutions = 6)
  40970 29441    54341.3107  1843    57685.4500    39809.9964 12230205   30.99%
  41099 29793    42212.5776  1883    57685.4500    39817.7407 12377644   30.97%
  41209 29828    53737.7790  1814    57685.4500    39817.7407 12388450   30.97%
  41318 29757    53243.4601  1356    57685.4500    39818.0302 12369708   30.97%
  41436 29934    54672.5274  1523    57685.4500    39822.8965 12426705   30.97%
  41530 30158    55609.9162  1752    57685.4500    39823.1125 12532596   30.97%
  41607 29977    47108.8913  1721    57685.4500    39823.1125 12447611   30.97%
  41698 30178    42914.7518  1798    57685.4500    39826.6354 12552765   30.96%
  41825 30386    44060.3730  1754    57685.4500    39829.8763 12643757   30.95%
  41944 30420    47517.2624  1638    57685.4500    39829.8763 12654085   30.95%
Elapsed time = 5944.33 sec. (1160305.15 ticks, tree = 1376.84 MB, solutions = 6)
  42092 30676    56478.9566  1202    57685.4500    39830.7574 12744597   30.95%
  42214 30829    40481.0990  1853    57685.4500    39832.8054 12815040   30.95%
  42284 30843    44223.7697  1807    57685.4500    39832.8054 12825583   30.95%
  42397 31016    50702.8006  1460    57685.4500    39842.9853 12884817   30.93%
  42533 31074    53608.8227  1542    57685.4500    39844.2829 12896371   30.93%
  42714 31170    56695.2461  1599    57685.4500    39847.6380 12907982   30.92%
  42837 31150    41947.3075  1830    57685.4500    39847.6380 12940433   30.92%
  42943 31381    52485.7766  1502    57685.4500    39853.1477 13000227   30.91%
  43035 31626    51713.2151  1605    57685.4500    39856.0539 13101058   30.91%
  43151 31563    54527.8809  1563    57685.4500    39856.0539 13082982   30.91%
Elapsed time = 6205.14 sec. (1198753.76 ticks, tree = 1436.57 MB, solutions = 6)
  43246 31711    57114.3310  1568    57685.4500    39857.8149 13138769   30.90%
  43362 31861    57616.5139  1214    57685.4500    39857.8149 13210555   30.90%
  43461 31874    44516.4772  1987    57685.4500    39858.2596 13219577   30.90%
  43536 31775    47215.7509  1563    57685.4500    39858.2596 13170088   30.90%
  43606 32089    48809.4951  1869    57685.4500    39863.7649 13322790   30.89%
  43698 32125    56568.5926  1638    57685.4500    39864.4525 13334617   30.89%
  43758 32055    51139.9023  1498    57685.4500    39864.4525 13306452   30.89%
  43818 32239    46632.0769  1782    57685.4500    39864.4525 13407202   30.89%
  43929 32361    57404.1795  1702    57685.4500    39864.4525 13471814   30.89%
  44040 32465    43644.6542  1855    57685.4500    39864.4525 13541045   30.89%
Elapsed time = 6419.12 sec. (1237170.13 ticks, tree = 1493.16 MB, solutions = 6)
  44144 32603    48331.4339  1878    57685.4500    39864.4525 13599711   30.89%
  44249 32677    48035.2066  1734    57685.4500    39870.2151 13639733   30.88%
  44356 32583    55456.0883  1752    57685.4500    39870.2151 13586650   30.88%
  44460 32755    56019.9076  1545    57685.4500    39870.2151 13660553   30.88%
  44559 32809    57534.2520  1720    57685.4500    39874.2084 13702380   30.88%
  44646 32958    55130.1177  1117    57685.4500    39875.6067 13761441   30.87%
  44754 32868    45747.9781  1808    57685.4500    39875.6067 13735700   30.87%
  44861 33264    42468.1636  1867    57685.4500    39877.9155 13885304   30.87%
  44962 33285    49973.4694  1727    57685.4500    39877.9155 13895902   30.87%
  45054 33340    52923.4277  1547    57685.4500    39877.9155 13906898   30.87%
Elapsed time = 6649.92 sec. (1275527.79 ticks, tree = 1537.08 MB, solutions = 6)
  45161 33252    48315.1718  1710    57685.4500    39877.9155 13883858   30.87%
  45248 33528    42745.9817  1903    57685.4500    39878.8321 14006853   30.87%
  45354 33686    48240.4701  1702    57685.4500    39887.7814 14082440   30.85%
  45485 33552    48927.0554  1591    57685.4500    39890.2565 14027928   30.85%
  45637 33796    48925.5186  1727    57685.4500    39890.2565 14146648   30.85%
  45712 33772    43506.8428  1862    57685.4500    39890.2565 14138419   30.85%
  45812 34097    41618.9268  1969    57685.4500    39890.8909 14232527   30.85%
  45926 34161    41774.2100  1949    57685.4500    39890.8909 14270596   30.85%
  45992 34203    47815.5260  1882    57685.4500    39894.1823 14300719   30.84%
  46088 34239    49782.0133  1663    57685.4500    39897.6855 14311866   30.84%
Elapsed time = 6900.39 sec. (1314293.75 ticks, tree = 1577.83 MB, solutions = 6)
  46180 34270    40839.4652  1921    57685.4500    39897.6855 14322107   30.84%
  46249 34397    53241.3072  1692    57685.4500    39900.0407 14393710   30.83%
  46313 34572    54004.7755  1793    57685.4500    39900.0407 14485234   30.83%
  46403 34733    43938.0434  1976    57685.4500    39902.4338 14557639   30.83%
  46458 34746    46141.8248  1877    57685.4500    39902.4338 14568086   30.83%
  46561 34834    52645.6099  1701    57685.4500    39902.4338 14631390   30.83%
  46653 34778    54423.4213  1537    57685.4500    39902.4338 14607105   30.83%
  46732 34790    44052.9998  2045    57685.4500    39902.8101 14618053   30.83%
  46844 35082    43118.5547  2012    57685.4500    39910.0697 14780611   30.81%
  46935 35029    56121.6119  1718    57685.4500    39910.0697 14752677   30.81%
Elapsed time = 7140.12 sec. (1352851.25 ticks, tree = 1606.46 MB, solutions = 6)
  47009 35181    55229.5901  1696    57685.4500    39911.2589 14824566   30.81%
  47087 35252    41783.7380  1993    57685.4500    39911.2589 14868655   30.81%
  47162 35268    45046.9968  1822    57685.4500    39911.7460 14879161   30.81%
  47249 35428    50284.2455  1713    57685.4500    39911.7460 14965439   30.81%
  47388 35470    54935.8448  1737    57685.4500    39911.7460 14976142   30.81%
  47488 35533    48121.0918  1845    57685.4500    39916.4474 15016664   30.80%
  47601 35567    51226.2678  1657    57685.4500    39916.4474 15026719   30.80%
  47744 35651    41154.3319  1707    57685.4500    39917.5806 15053004   30.80%
  47862 35677    46363.4732  1594    57685.4500    39917.5806 15064220   30.80%
  47982 36039    53183.5189   686    57685.4500    39920.9660 15184791   30.80%
Elapsed time = 7381.64 sec. (1391336.95 ticks, tree = 1649.15 MB, solutions = 6)
  48204 36077    48936.5772  1791    57685.4500    39922.3112 15228607   30.79%
  48265 36230    46741.8835  1679    57685.4500    39922.6350 15302127   30.79%
  48349 36148    49523.9154  1778    57685.4500    39922.6350 15276553   30.79%
  48426 36171    52844.8189  1701    57685.4500    39924.0831 15288087   30.79%
  48520 36495    54122.6024  1380    57685.4500    39924.0831 15355972   30.79%
  48633 36525    56260.6069  1412    57685.4500    39924.5459 15367480   30.79%
  48737 36779    57074.8534  1359    57685.4500    39924.5459 15497547   30.79%
  48829 36693    55575.8018  1781    57685.4500    39924.5459 15450934   30.79%
  48908 36820    49682.4047  1830    57685.4500    39927.3590 15518340   30.78%
  49024 37051    56598.6411  1632    57685.4500    39927.3590 15626220   30.78%
Elapsed time = 7578.23 sec. (1429744.21 ticks, tree = 1684.81 MB, solutions = 6)
  49133 37193    57519.4971  1395    57685.4500    39935.7037 15690478   30.77%
  49220 37341    49141.9708  1795    57685.4500    39936.9028 15761372   30.77%
  49329 37143    53189.3335  1573    57685.4500    39936.9028 15674933   30.77%
  49454 37249    57075.8440  1778    57685.4500    39936.9028 15720361   30.77%
  49535 37347    55983.3030  1670    57685.4500    39942.0945 15754263   30.76%
  49638 37480    51794.0226  1674    57685.4500    39943.9713 15820436   30.76%
  49764 37649    50358.9541  1685    57685.4500    39943.9713 15888965   30.76%
  49879 37765    52454.0560  1621    57685.4500    39953.2179 15937770   30.74%
  49933 37893    46223.9342  1955    57685.4500    39956.8998 15993533   30.73%
  49989 37968    42249.9655  1877    57685.4500    39960.9220 16034474   30.73%
Elapsed time = 7787.94 sec. (1468288.39 ticks, tree = 1739.75 MB, solutions = 6)
  50063 37930    40609.8115  2034    57685.4500    39960.9220 16012909   30.73%
  50118 38084    52293.3837  1316    57685.4500    39963.7167 16094565   30.72%
  50214 38106    53281.1535  1332    57685.4500    39963.7167 16106203   30.72%
  50315 38300    55642.1821  1320    57685.4500    39963.7167 16233315   30.72%
  50455 38248    49385.4854  1573    57685.4500    39963.7167 16175489   30.72%
  50547 38348    42679.8084  1850    57685.4500    39964.1941 16256620   30.72%
  50634 38555    56877.7783  1714    57685.4500    39966.2983 16347915   30.72%
  50736 38669    51127.0996  1738    57685.4500    39966.2983 16394862   30.72%
  50862 38484    55438.9859  1589    57685.4500    39970.5880 16331961   30.71%
  50961 38710    46445.9150  1772    57685.4500    39971.3713 16415212   30.71%
Elapsed time = 8005.95 sec. (1506943.16 ticks, tree = 1776.17 MB, solutions = 6)
  51129 38804    48181.4270  1752    57685.4500    39973.2199 16444808   30.70%
  51228 38882    51238.5426  1523    57685.4500    39973.2199 16487384   30.70%
  51335 38997    52106.0608  1668    57685.4500    39979.5881 16522842   30.69%
  51445 39083    56684.1079  1486    57685.4500    39981.4190 16568872   30.69%
  51528 39245    51104.3825  1670    57685.4500    39982.7044 16631759   30.69%
  51617 39154    53241.8010  1725    57685.4500    39982.7044 16605034   30.69%
  51693 39527    42750.0085  1974    57685.4500    39991.3013 16735527   30.67%
  51752 39639    50435.8631  1773    57685.4500    39992.7541 16782481   30.67%
  51838 39677    53628.4008  1570    57685.4500    39994.1573 16793788   30.67%
  51929 39571    52470.4577  1740    57685.4500    39994.1573 16769624   30.67%
Elapsed time = 8225.36 sec. (1545387.62 ticks, tree = 1822.65 MB, solutions = 6)
  52012 39773    56346.8740  1314    57685.4500    39996.4886 16901399   30.66%
  52121 39808    41808.7255  2003    57685.4500    39996.4886 16913341   30.66%
  52203 39948    44173.9443  1804    57685.4500    39998.3828 16990117   30.66%
  52288 39972    56155.9969  1602    57685.4500    39998.3828 17000631   30.66%
  52388 40083    55759.7527  1348    57685.4500    39998.3828 17044508   30.66%
  52518 40174    55719.8544  1520    57685.4500    40009.6981 17077541   30.64%
  52664 40244    48848.8643  1726    57685.4500    40009.6981 17142458   30.64%
  52768 40214    46168.6118  1744    57685.4500    40009.6981 17125655   30.64%
  52853 40517    53358.1667  1430    57685.4500    40013.3366 17221345   30.64%
  52944 40708    55613.5010  1653    57685.4500    40015.5244 17328077   30.63%
Elapsed time = 8463.95 sec. (1583860.29 ticks, tree = 1880.26 MB, solutions = 6)
  53037 40640    43037.3777  1839    57685.4500    40015.5244 17278825   30.63%
  53141 40743    50294.0118  1526    57685.4500    40016.2712 17348957   30.63%
  53235 40999    43873.9347  1823    57685.4500    40018.3199 17447780   30.63%
  53326 40838    49656.9432  1772    57685.4500    40019.9542 17389413   30.62%
  53456 40879    52729.3991  1665    57685.4500    40019.9542 17400059   30.62%
  53562 41124    54526.1018  1636    57685.4500    40021.0739 17514377   30.62%
  53650 41211    45924.8460  1753    57685.4500    40022.4323 17544186   30.62%
  53718 41462    47031.7629  1909    57685.4500    40024.1703 17656947   30.62%
  53844 41495    52522.8278  1757    57685.4500    40024.1703 17667738   30.62%
  53909 41575    49098.3077  1458    57685.4500    40028.2320 17738721   30.61%
Elapsed time = 8676.88 sec. (1622305.02 ticks, tree = 1917.05 MB, solutions = 6)
  53998 41604    52219.8658  1264    57685.4500    40030.0346 17750352   30.61%
  54212 41698    53169.7495  1750    57685.4500    40030.5736 17784062   30.61%
  54324 41626    43385.7062  1753    57685.4500    40030.5736 17735029   30.61%
  54405 41857    50594.8431  1727    57685.4500    40032.2099 17840884   30.60%
  54531 42109    49613.1424  1760    57685.4500    40032.9744 17945356   30.60%
  54621 42141    57077.2151  1501    57685.4500    40036.4845 17955700   30.60%
  54684 42078    49195.9871  1674    57685.4500    40036.4845 17934443   30.60%
  54783 42462    54934.1497  1585    57685.4500    40037.1728 18068432   30.59%
  54917 42528    56064.5091  1317    57685.4500    40038.2183 18109254   30.59%
  55008 42543    44827.8003  1734    57685.4500    40038.2782 18089075   30.59%
Elapsed time = 8866.22 sec. (1660754.05 ticks, tree = 1967.05 MB, solutions = 6)
  55105 42601    41348.5549  1838    57685.4500    40039.5163 18181164   30.59%
  55211 42781    53363.1117  1595    57685.4500    40042.2236 18228152   30.59%
  55281 42794    45259.7175  1867    57685.4500    40042.9274 18237764   30.58%
  55327 42813    51603.1514  1845    57685.4500    40043.2147 18245446   30.58%
  55410 43018    53593.5734  1484    57685.4500    40043.2147 18337949   30.58%
  55485 43052    57284.5747  1563    57685.4500    40043.2147 18349161   30.58%
  55562 43113    48572.9921  1763    57685.4500    40043.9033 18392364   30.58%
  55635 43081    47875.4971  1704    57685.4500    40043.9033 18369427   30.58%
  55730 43161    56060.6766  1570    57685.4500    40045.5136 18413886   30.58%
  55797 43414    53109.7462  1927    57685.4500    40054.5961 18577925   30.56%
Elapsed time = 9065.45 sec. (1699234.17 ticks, tree = 2008.50 MB, solutions = 6)
  55898 43278    57201.7709  1820    57685.4500    40054.5961 18497884   30.56%
  55961 43343    45653.2340  1839    57685.4500    40054.5961 18535561   30.56%
  56058 43647    48569.4075  1814    57685.4500    40058.5851 18701076   30.56%
  56182 43690    56544.1869  1634    57685.4500    40060.4219 18712158   30.55%
  56248 43626    46768.8948  1899    57685.4500    40060.4219 18686993   30.55%
  56330 43720    51510.4007  1773    57685.4500    40061.9042 18732311   30.55%
  56446 43901    52140.0498  1647    57685.4500    40065.4083 18824492   30.55%
  56530 44061    49349.0811  1764    57685.4500    40066.4588 18901115   30.54%
  56620 44016    48822.3984  1788    57685.4500    40071.5162 18879945   30.53%
  56714 44144    41350.9721  1843    57685.4500    40071.5162 18952807   30.53%
Elapsed time = 9274.94 sec. (1737820.50 ticks, tree = 2032.70 MB, solutions = 6)
  56782 44144    51272.1714  1662    57685.4500    40072.2686 18933127   30.53%
  56840 44279    46598.4928  1580    57685.4500    40075.4706 19026950   30.53%
  56925 44258    52905.7208  1608    57685.4500    40075.4706 19005027   30.53%
  57033 44466    51392.9260  1653    57685.4500    40076.1305 19109917   30.53%
  57147 44597        cutoff          57685.4500    40076.2079 19180802   30.53%
  57206 44559    53014.3411  1465    57685.4500    40077.2727 19161526   30.52%
  57266 44622    49244.9875  1672    57685.4500    40077.2727 19201484   30.52%
  57356 44640    41941.9210  1977    57685.4500    40077.2727 19212684   30.52%
  57415 44801    52589.5007  1810    57685.4500    40082.6226 19284754   30.52%
  57511 44816    57476.9091  1586    57685.4500    40083.0800 19296326   30.51%
Elapsed time = 9489.25 sec. (1776597.02 ticks, tree = 2065.77 MB, solutions = 6)
Nodefile size = 9.66 MB (9.13 MB after compression)
  57622 44974    55130.4879  1547    57685.4500    40085.4948 19370753   30.51%
  57742 45053    49050.3177  1664    57685.4500    40085.4948 19444215   30.51%
  57836 45086    56693.8380  1575    57685.4500    40085.8519 19455357   30.51%
  57930 45100    45451.4215  1891    57685.4500    40088.6027 19465390   30.50%
  58004 45285    51460.0643  1705    57685.4500    40088.6027 19536043   30.50%
  58088 45168    53288.9036  1890    57685.4500    40088.9352 19507398   30.50%
  58193 45433    46067.9908  1903    57685.4500    40089.1833 19619079   30.50%
  58258 45652    45054.4783  1881    57685.4500    40089.5649 19687654   30.50%
  58351 45528    54805.8601  1765    57685.4500    40089.5649 19660180   30.50%
  58423 45773    46048.5900  1853    57685.4500    40090.1227 19770731   30.50%
Elapsed time = 9707.51 sec. (1815396.85 ticks, tree = 2127.71 MB, solutions = 6)
Nodefile size = 73.02 MB (68.96 MB after compression)
  58495 45803    48269.2381  1659    57685.4500    40090.8565 19782025   30.50%
  58580 45973    54444.1450  1704    57685.4500    40095.0538 19889730   30.49%
  58695 45925    57197.0536  1311    57685.4500    40095.0538 19864719   30.49%
  58762 46075    47296.0394  1727    57685.4500    40095.9218 19936705   30.49%
  58838 46122    44313.4755  1873    57685.4500    40098.6002 19972471   30.49%
  58946 46300    43143.2527  1789    57685.4500    40102.0427 20056328   30.48%
  59055 46338    51891.7589  1602    57685.4500    40102.0427 20066413   30.48%
  59211 46420    55678.7449  1430    57685.4500    40104.4994 20077576   30.48%
  59406 46486    42165.9660  1906    57685.4500    40104.4994 20087599   30.48%
  59503 46469    57070.0603  1650    57685.4500    40106.2334 20124842   30.47%
Elapsed time = 9920.95 sec. (1853861.39 ticks, tree = 2156.16 MB, solutions = 6)
Nodefile size = 102.50 MB (96.75 MB after compression)
  59587 46532    55590.3193  1710    57685.4500    40106.2334 20157378   30.47%
  59712 46555    41093.0609  1994    57685.4500    40108.3240 20166373   30.47%
  59791 46992    45305.2656  1958    57685.4500    40108.3240 20286317   30.47%
  59847 47164    47888.0543  1566    57685.4500    40114.8204 20389622   30.46%
  59950 47186    48405.9627  1563    57685.4500    40114.8204 20400420   30.46%
  60036 47151    43253.0195  2044    57685.4500    40115.7990 20376624   30.46%
  60093 47278    53067.9745  1624    57685.4500    40115.7990 20447637   30.46%
  60187 47351    57492.3255  1702    57685.4500    40117.7717 20481102   30.45%
  60276 47422    46274.3821  1872    57685.4500    40117.8649 20533852   30.45%
  60350 47380    41846.0265  1986    57685.4500    40118.8681 20499063   30.45%
Elapsed time = 10130.58 sec. (1892461.32 ticks, tree = 2190.20 MB, solutions = 6)
Nodefile size = 134.19 MB (126.58 MB after compression)
  60436 47398    46759.8240  2021    57685.4500    40118.8681 20508852   30.45%
  60574 47736    53314.1504  1548    57685.4500    40119.1845 20693402   30.45%
  60663 47674    43806.6169  1975    57685.4500    40119.1845 20639676   30.45%
* 60737+47846                        57478.5200    40120.9495            30.20%
* 60737+47846                        57340.5200    40120.9495            30.03%
  60741 46658    46826.8796  1769    57340.5200    40120.9495 20793795   30.03%
  60811 47942    49541.7425  1869    57340.5200    40120.9495 20787053   30.03%
  60930 47965    44071.2655  1868    57340.5200    40124.7346 20797570   30.02%
  61028 46863    51119.0753  1570    57340.5200    40124.7346 20896371   30.02%
  61136 46812    46314.7267  1882    57340.5200    40124.7346 20862991   30.02%
  61234 46901    50975.5054  1730    57340.5200    40124.9451 20916520   30.02%
  61333 46939    54122.7130  1636    57340.5200    40126.6590 20926918   30.02%
Elapsed time = 10359.44 sec. (1930941.90 ticks, tree = 2179.17 MB, solutions = 8)
Nodefile size = 118.30 MB (111.57 MB after compression)
  61394 47150    46550.1469  1866    57340.5200    40130.5099 21032298   30.01%
  61456 47078    52235.9157  1185    57340.5200    40130.5099 21016085   30.01%
  61537 47406    54638.9344  1292    57340.5200    40131.7472 21158105   30.01%
  61633 47309    55466.0274  1254    57340.5200    40131.7472 21104472   30.01%
  61715 47535    56924.3240  1074    57340.5200    40134.9988 21242667   30.01%
  61803 47470    55438.0957  1567    57340.5200    40134.9988 21203465   30.01%
  61859 47568    49799.6190  1609    57340.5200    40135.5009 21280517   30.00%
  61926 47684    53171.9031  1710    57340.5200    40135.5009 21334036   30.00%
  62012 47736    55376.8898  1557    57340.5200    40144.1048 21361263   29.99%
  62125 47632    55542.5941  1232    57340.5200    40144.1048 21313326   29.99%
Elapsed time = 10598.14 sec. (1969693.19 ticks, tree = 2225.41 MB, solutions = 8)
Nodefile size = 166.71 MB (157.19 MB after compression)
  62234 47996    50126.1713  1608    57340.5200    40144.1048 21476724   29.99%
  62305 47786    45456.5521  1669    57340.5200    40144.8379 21392260   29.99%
  62390 48067    50781.3506  1686    57340.5200    40144.8379 21521869   29.99%
  62520 48108    54091.1717  1555    57340.5200    40144.8379 21531987   29.99%
  62595 48200    46427.1653  1738    57340.5200    40153.5478 21581934   29.97%
  62678 48338    44607.8814  1619    57340.5200    40153.5478 21654842   29.97%
  62795 48435    41808.0334  1726    57340.5200    40154.2708 21690443   29.97%
  62926 48393    54972.7061  1205    57340.5200    40160.2872 21678298   29.96%
  63045 48428    57046.4061  1018    57340.5200    40160.2872 21690372   29.96%
  63145 48824    44888.2396  1968    57340.5200    40160.5243 21834396   29.96%
Elapsed time = 10818.62 sec. (2008166.87 ticks, tree = 2294.07 MB, solutions = 8)
Nodefile size = 240.75 MB (227.09 MB after compression)
  63222 48839    48515.4906  1845    57340.5200    40160.5243 21844478   29.96%
  63294 48751    52197.8317  1512    57340.5200    40161.9788 21807536   29.96%
  63361 49014    47053.6755  1824    57340.5200    40161.9788 21934447   29.96%
  63404 49157    43285.1669  1832    57340.5200    40163.6132 22008852   29.96%
  63479 49177    48816.8348  1911    57340.5200    40163.6132 22018471   29.96%
  63582 49223    52265.2391  1575    57340.5200    40166.7029 22056355   29.95%
  63690 49240    54151.2635  1650    57340.5200    40169.8067 22038569   29.95%
  63803 49301    55866.6270  1728    57340.5200    40169.8067 22109881   29.95%
  63881 49293    45150.9600  2028    57340.5200    40169.8067 22086145   29.95%
  63985 49487    54685.7213  1615    57340.5200    40177.5217 22194028   29.93%
Elapsed time = 11017.25 sec. (2046994.54 ticks, tree = 2316.12 MB, solutions = 8)
Nodefile size = 259.46 MB (244.72 MB after compression)
  64113 49628    42421.4493  1952    57340.5200    40177.5217 22271656   29.93%
  64178 49589    44705.8148  1858    57340.5200    40177.8742 22243121   29.93%
  64265 49858    48692.5560  1714    57340.5200    40180.8435 22355225   29.93%
  64358 49910    53045.9512  1851    57340.5200    40181.5218 22392641   29.92%
* 64402+49890                        56933.8500    40181.8292            29.42%
  64454 49793    50702.8804  1555    56933.8500    40181.8292 22339532   29.42%
  64535 49952    48319.3545  1690    56933.8500    40181.8292 22413760   29.42%
  64610 48289    53135.8873  1701    56933.8500    40181.9259 22481863   29.42%
  64684 48386    52089.0789  1732    56933.8500    40181.9259 22521276   29.42%
  64778 48447    51558.3656  1754    56933.8500    40183.1431 22555330   29.42%
  64865 48459    43925.4539  1640    56933.8500    40184.2068 22564479   29.42%
Elapsed time = 11222.86 sec. (2085657.30 ticks, tree = 2281.94 MB, solutions = 9)
Nodefile size = 225.94 MB (213.28 MB after compression)
  64952 48625    49097.3822  1862    56933.8500    40184.2068 22657677   29.42%
  65059 48594    41094.0296  2092    56933.8500    40184.2068 22626500   29.42%
  65123 48677    45059.2677  1932    56933.8500    40184.2068 22679038   29.42%
  65189 48784    51014.5667  1285    56933.8500    40197.6503 22740847   29.40%
  65323 48991    55781.3140  1774    56933.8500    40197.6503 22829379   29.40%
  65421 49004    42769.6629  1775    56933.8500    40197.7652 22837678   29.40%
  65545 49184    56290.8346  1155    56933.8500    40197.7652 22907832   29.40%
  65664 49094    45797.4405  2075    56933.8500    40197.7652 22889650   29.40%
  65741 49282    47280.4840  1543    56933.8500    40197.7652 22969667   29.40%
  65873 49285    55821.5529  1262    56933.8500    40197.7652 22940005   29.40%
Elapsed time = 11436.41 sec. (2124084.45 ticks, tree = 2331.92 MB, solutions = 9)
Nodefile size = 269.96 MB (254.83 MB after compression)
  65997 49456    46511.7689  1785    56933.8500    40197.7652 23060440   29.40%
  66078 49786    51637.8739  1397    56933.8500    40200.2413 23180890   29.39%
  66186 49808    54229.8769  1302    56933.8500    40200.2413 23191959   29.39%
  66296 49600    49411.4595  1907    56933.8500    40202.7479 23116395   29.39%
  66424 49626    53416.3291  1715    56933.8500    40202.7479 23126123   29.39%
  66532 49918    51112.3149   781    56933.8500    40210.0335 23224308   29.37%
  66740 50126    53168.6200  1264    56933.8500    40211.2061 23327421   29.37%
  66811 49999    53241.8848  1861    56933.8500    40212.9838 23295415   29.37%
  66875 50371    53413.8599  1858    56933.8500    40212.9838 23416325   29.37%
  66951 50395    50022.2856  1798    56933.8500    40213.1432 23401700   29.37%
Elapsed time = 11641.98 sec. (2162840.56 ticks, tree = 2390.59 MB, solutions = 9)
Nodefile size = 335.51 MB (316.63 MB after compression)
  67000 50647    55049.7012  1661    56933.8500    40214.2669 23545808   29.37%
  67076 50445    52745.5280  1607    56933.8500    40214.2669 23475833   29.37%
  67172 50681    49718.1915  1714    56933.8500    40214.9450 23565893   29.37%
  67275 50597    54374.6057  1541    56933.8500    40214.9450 23536008   29.37%
  67375 50757    41714.5846  1998    56933.8500    40218.8538 23612313   29.36%
  67434 50782    44796.8980  1892    56933.8500    40219.9392 23622355   29.36%
  67532 50932    50642.5001  1738    56933.8500    40221.0430 23696496   29.35%
  67643 50830    49610.7325  1797    56933.8500    40221.0430 23666282   29.35%
  67751 51102    45867.9138  1811    56933.8500    40224.4192 23762846   29.35%
  67837 51162    50679.3353  1353    56933.8500    40226.6945 23804726   29.34%
Elapsed time = 11843.31 sec. (2201372.19 ticks, tree = 2414.79 MB, solutions = 9)
Nodefile size = 355.62 MB (335.61 MB after compression)
  67942 51198    46601.1642  1862    56933.8500    40230.7713 23835332   29.34%
  68063 51229    48923.1444  1723    56933.8500    40230.7713 23846179   29.34%
  68156 51424    46586.7016  1731    56933.8500    40230.7713 23939631   29.34%
  68236 51461    51857.8864  1860    56933.8500    40245.1514 23949737   29.31%
  68336 51805    54577.0031  1696    56933.8500    40245.3900 24101088   29.31%
  68422 51659    56885.3082  1616    56933.8500    40246.7955 24032684   29.31%
  68504 51667    45522.5968  1644    56933.8500    40246.7955 24042515   29.31%
  68571 51921    46531.2433  2050    56933.8500    40247.2569 24163298   29.31%
  68638 51943    51191.4193  1921    56933.8500    40248.2794 24174573   29.31%
  68751 52021    55934.3834  1457    56933.8500    40249.0983 24211737   29.31%
Elapsed time = 12073.51 sec. (2240222.35 ticks, tree = 2471.37 MB, solutions = 9)
Nodefile size = 413.85 MB (390.64 MB after compression)
  68841 52037    48372.9013  1731    56933.8500    40249.0983 24221963   29.31%
  68915 52315    54882.7903  1682    56933.8500    40251.7777 24365389   29.30%
  68973 52266    49687.2766  1921    56933.8500    40254.9076 24348144   29.30%
  69036 52344    45103.3982  1962    56933.8500    40256.6948 24387043   29.29%
  69092 52485    49696.7648  1348    56933.8500    40257.9728 24472634   29.29%
  69194 52515    54760.3079  1190    56933.8500    40257.9728 24483280   29.29%
  69284 52643    50226.6201  1924    56933.8500    40260.0895 24549652   29.29%
  69355 52720    54443.4390  1476    56933.8500    40260.7503 24602531   29.29%
  69455 52842    49872.1103  1619    56933.8500    40260.7503 24682890   29.29%
  69542 52689    55011.2554  1558    56933.8500    40260.7503 24579644   29.29%
Elapsed time = 12303.53 sec. (2279189.16 ticks, tree = 2498.25 MB, solutions = 9)
Nodefile size = 440.70 MB (415.97 MB after compression)
  69660 52899    54219.8311  1401    56933.8500    40260.7503 24703730   29.29%
  69815 53146    49557.1708  1650    56933.8500    40260.7503 24817836   29.29%
  69947 52953    55992.7534  1442    56933.8500    40260.9735 24746309   29.28%
  70037 53277    52010.1763  1771    56933.8500    40265.7811 24872136   29.28%
  70119 52984    49673.9525  1802    56933.8500    40265.7811 24765857   29.28%
  70201 53227    44954.5524  1903    56933.8500    40268.5093 24858940   29.27%
  70307 53377    47818.4753  1994    56933.8500    40269.4304 24926177   29.27%
  70436 53584    55595.5621  1522    56933.8500    40274.2117 24978645   29.26%
  70566 53759    55738.9503  1561    56933.8500    40274.2117 25063282   29.26%
  70650 53649    47360.7305  1676    56933.8500    40274.2117 25000083   29.26%
Elapsed time = 12544.12 sec. (2317657.03 ticks, tree = 2561.63 MB, solutions = 9)
Nodefile size = 497.14 MB (469.45 MB after compression)
  70734 53830    50161.5506  1821    56933.8500    40276.8775 25108985   29.26%
  70827 53872    53457.4573  1653    56933.8500    40276.8775 25120007   29.26%
  70927 54178    46829.8976  1912    56933.8500    40279.3618 25241471   29.25%
  71015 54031    50807.5739  1813    56933.8500    40279.3618 25183536   29.25%
  71091 54125    45059.5288  1868    56933.8500    40282.4364 25231798   29.25%
  71153 54368    52737.6098  1659    56933.8500    40282.8616 25337240   29.25%
  71219 54536    49691.8485  1624    56933.8500    40283.5486 25421012   29.24%
  71295 54332    48244.1649  1363    56933.8500    40283.5486 25316694   29.24%
  71369 54539    51439.5196  1770    56933.8500    40283.5486 25408348   29.24%
  71470 54621    52806.0135  1229    56933.8500    40288.8704 25477557   29.24%
Elapsed time = 12740.84 sec. (2356241.92 ticks, tree = 2619.50 MB, solutions = 9)
Nodefile size = 564.06 MB (532.70 MB after compression)
  71586 54735    55321.9447  1481    56933.8500    40289.5357 25527792   29.23%
  71663 54848    54521.7312  1776    56933.8500    40289.5952 25611415   29.23%
  71745 54861    43314.8126  1850    56933.8500    40289.5952 25621971   29.23%
  71861 54870    43314.5157  1945    56933.8500    40290.8069 25596893   29.23%
  71963 55126    47221.6450  2006    56933.8500    40291.0893 25710286   29.23%
  72036 55232    55907.8425  1769    56933.8500    40291.0893 25758379   29.23%
  72139 55026    56143.9185  1663    56933.8500    40292.0962 25685594   29.23%
  72217 55041    41320.8147  1957    56933.8500    40292.0962 25694349   29.23%
  72283 55357    45471.3545  1802    56933.8500    40293.5366 25824415   29.23%
  72401 55390    51948.9673  1719    56933.8500    40293.8061 25835350   29.23%
Elapsed time = 12956.58 sec. (2394683.56 ticks, tree = 2662.09 MB, solutions = 9)
Nodefile size = 602.54 MB (569.11 MB after compression)
  72525 55557    47799.7641  1890    56933.8500    40293.8061 25911885   29.23%
  72579 55620    42581.8655  1816    56933.8500    40295.3251 25956715   29.22%
  72627 55587    56130.2174  1512    56933.8500    40295.3251 25931864   29.22%
  72646 55778    45737.4227  1785    56933.8500    40295.3251 26035722   29.22%
  72674 55700    48097.4483  1553    56933.8500    40295.3251 26001778   29.22%
  72755 55814    50094.2073  1599    56933.8500    40301.3302 26059389   29.21%
  72860 55832    53613.7337  1335    56933.8500    40301.3302 26070323   29.21%
  72948 56030    55727.4920  1526    56933.8500    40301.3302 26152916   29.21%
  73019 55999    54178.9266  1903    56933.8500    40301.3302 26123446   29.21%
  73100 56238    49006.4022  1967    56933.8500    40308.2215 26253458   29.20%
Elapsed time = 13243.97 sec. (2433941.24 ticks, tree = 2721.49 MB, solutions = 9)
Nodefile size = 667.41 MB (630.58 MB after compression)
  73183 56353    53416.8465  1240    56933.8500    40308.2215 26311328   29.20%
  73240 56055    46379.6302  1986    56933.8500    40308.2215 26191838   29.20%
  73326 56402    43956.0701  2038    56933.8500    40308.2215 26332057   29.20%
  73405 56220    45905.7378  1974    56933.8500    40308.2562 26234650   29.20%
  73439 56496    49200.4188  1817    56933.8500    40308.6931 26385584   29.20%
  73511 56453    50577.2693  1862    56933.8500    40311.6749 26374325   29.20%
  73626 56488    54205.8267  1705    56933.8500    40311.6749 26384357   29.20%
  73712 56751    43659.1877  1792    56933.8500    40312.8195 26512483   29.19%
  73799 56822    56302.1969  1317    56933.8500    40313.1422 26557205   29.19%
  73867 56773    50429.2286  1600    56933.8500    40313.9388 26508605   29.19%
Elapsed time = 13528.42 sec. (2472742.32 ticks, tree = 2744.42 MB, solutions = 9)
Nodefile size = 682.27 MB (644.52 MB after compression)
  73915 56793    49664.0669  1899    56933.8500    40314.7498 26542670   29.19%
  73968 56919    52974.1296  1776    56933.8500    40314.7498 26607668   29.19%
  74034 57083    46747.4990  1800    56933.8500    40314.7498 26676587   29.19%
  74115 57201    47558.1766  1800    56933.8500    40316.6706 26770185   29.19%
  74186 57221    52105.1038  1411    56933.8500    40316.6706 26780776   29.19%
  74275 57232    48680.7950  1776    56933.8500    40316.6706 26771332   29.19%
  74348 57266    42178.4160  1836    56933.8500    40316.6706 26782431   29.19%
  74389 57337    50243.2880  1749    56933.8500    40318.8920 26832473   29.18%
* 74390+57271                        56840.5300    40318.8920            29.07%
  74477 57341    56288.3542  1768    56840.5300    40322.4529 26838503   29.06%
  74554 57189    55274.5834  1596    56840.5300    40325.5680 26959611   29.05%
Elapsed time = 13867.45 sec. (2511132.10 ticks, tree = 2770.39 MB, solutions = 10)
Nodefile size = 716.21 MB (676.64 MB after compression)
  74624 57075    50952.0465  1715    56840.5300    40325.5680 26936185   29.05%
  74715 57391    53495.7038  1602    56840.5300    40325.5680 26869723   29.05%
  74777 57105    48130.1847  1903    56840.5300    40325.5680 26956345   29.05%
  74803 57237    48681.7626  1706    56840.5300    40325.5680 26989065   29.05%
  74825 57405    50086.3678  1701    56840.5300    40332.3571 27095216   29.04%
  74871 57512    44411.6810  1783    56840.5300    40332.3571 27147717   29.04%
  74973 57553    55755.1281  1726    56840.5300    40332.3571 27158529   29.04%
  75047 57521    53479.4908  1826    56840.5300    40332.3571 27153110   29.04%
  75104 57593    48742.3647  1681    56840.5300    40334.4189 27178393   29.04%
  75211 57602    55537.2771  1566    56840.5300    40334.4189 27191439   29.04%
Elapsed time = 14221.25 sec. (2549749.74 ticks, tree = 2792.91 MB, solutions = 10)
Nodefile size = 734.53 MB (693.80 MB after compression)
  75293 57621    43840.6158  1870    56840.5300    40334.4189 27201810   29.04%
  75371 57641    55265.6939  1755    56840.5300    40334.4189 27230929   29.04%
  75437 57848    55826.2102  1597    56840.5300    40336.9966 27304837   29.03%
  75502 57868    42826.8206  1983    56840.5300    40336.9966 27314845   29.03%
  75544 57882    46525.8387  1949    56840.5300    40339.0805 27324747   29.03%
  75572 57975    54731.6666  1363    56840.5300    40339.0805 27376171   29.03%

GUB cover cuts applied:  247
Cover cuts applied:  18
Implied bound cuts applied:  303
Flow cuts applied:  219
Mixed integer rounding cuts applied:  3338
Zero-half cuts applied:  235
Lift and project cuts applied:  22
Gomory fractional cuts applied:  3

Root node processing (before b&c):
  Real time             =   59.75 sec. (11333.48 ticks)
Parallel b&c, 4 threads:
  Real time             = 14348.58 sec. (2562670.76 ticks)
  Sync time (average)   =  633.14 sec.
  Wait time (average)   =    0.08 sec.
                          ------------
Total (root+branch&cut) = 14408.33 sec. (2574004.25 ticks)
