Version identifier: 22.1.1.0 | 2022-11-27 | 9160aff4d
CPXPARAM_Read_DataCheck                          1
CPXPARAM_TimeLimit                               3600
1 of 1 MIP starts provided solutions.
MIP start 'm1' defined initial solution with objective 56371.9000.
Tried aggregator 4 times.
MIP Presolve eliminated 20348 rows and 31895 columns.
MIP Presolve added 658 rows and 0 columns.
MIP Presolve modified 26797 coefficients.
Aggregator did 1609 substitutions.
Reduced MIP has 12366 rows, 17446 columns, and 60181 nonzeros.
Reduced MIP has 10866 binaries, 6580 generals, 0 SOSs, and 0 indicators.
Presolve time = 0.27 sec. (134.54 ticks)
Probing time = 0.06 sec. (5.51 ticks)
Tried aggregator 6 times.
MIP Presolve eliminated 3063 rows and 4371 columns.
MIP Presolve modified 122 coefficients.
Aggregator did 806 substitutions.
Reduced MIP has 8497 rows, 12269 columns, and 42400 nonzeros.
Reduced MIP has 7129 binaries, 5140 generals, 0 SOSs, and 0 indicators.
Presolve time = 0.16 sec. (81.05 ticks)
Probing time = 0.03 sec. (3.87 ticks)
Tried aggregator 4 times.
Detecting symmetries...
MIP Presolve eliminated 397 rows and 375 columns.
MIP Presolve modified 72 coefficients.
Aggregator did 216 substitutions.
Reduced MIP has 7884 rows, 11678 columns, and 40289 nonzeros.
Reduced MIP has 6538 binaries, 5140 generals, 0 SOSs, and 0 indicators.
Presolve time = 0.08 sec. (56.29 ticks)
Probing time = 0.03 sec. (4.53 ticks)
Clique table members: 12770.
MIP emphasis: balance optimality and feasibility.
MIP search method: dynamic search.
Parallel mode: deterministic, using up to 4 threads.
Root relaxation solution time = 0.14 sec. (83.38 ticks)

        Nodes                                         Cuts/
   Node  Left     Objective  IInf  Best Integer    Best Bound    ItCnt     Gap

*     0+    0                        56371.9000      428.6000            99.24%
      0     0     5801.1450   213    56371.9000     5801.1450     3876   89.71%
      0     0    23345.7288   676    56371.9000     Cuts: 676     6470   58.59%
      0     0    28026.2950   871    56371.9000     Cuts: 604     7985   50.28%
      0     0    29428.8177  1160    56371.9000     Cuts: 446     9279   47.80%
      0     0    30790.9671  1299    56371.9000     Cuts: 458    10402   45.38%
      0     0    31335.0807  1487    56371.9000     Cuts: 306    11347   44.41%
Detecting symmetries...
      0     0    31595.0909  1637    56371.9000     Cuts: 224    11963   43.95%
      0     0    31794.0328  1699    56371.9000     Cuts: 212    12475   43.60%
      0     0    31955.1988  1645    56371.9000     Cuts: 184    13050   43.31%
      0     0    33243.7013  1636    56371.9000     Cuts: 294    14311   41.03%
      0     0    33668.9158  1920    56371.9000     Cuts: 341    15199   40.27%
      0     0    33815.2000  1881    56371.9000     Cuts: 239    15869   40.01%
      0     0    33924.5642  1899    56371.9000     Cuts: 184    16364   39.82%
      0     0    33989.6671  1973    56371.9000     Cuts: 117    16761   39.70%
      0     0    34124.3312  1927    56371.9000     Cuts: 153    17342   39.47%
      0     0    34270.4290  1833    56371.9000     Cuts: 174    17985   39.21%
      0     0    34340.5849  1944    56371.9000     Cuts: 169    18466   39.08%
      0     0    34387.7807  1979    56371.9000     Cuts: 129    18843   39.00%
      0     0    34405.3751  1988    56371.9000      Cuts: 79    19110   38.97%
      0     0    34432.8949  2033    56371.9000      Cuts: 49    19318   38.92%
      0     0    34456.6653  2048    56371.9000      Cuts: 47    19504   38.88%
      0     0    34500.6313  1934    56371.9000      Cuts: 76    19693   38.80%
      0     0    34509.1144  1944    56371.9000      Cuts: 64    19855   38.78%
      0     0    34528.3899  1954    56371.9000      Cuts: 65    20012   38.75%
      0     0    34562.6414  1939    56371.9000      Cuts: 53    20249   38.69%
      0     0    34578.9137  1971    56371.9000      Cuts: 46    20484   38.66%
      0     0    34624.7481  1906    56371.9000      Cuts: 74    20751   38.58%
      0     0    34668.9767  1900    56371.9000     Cuts: 101    21076   38.50%
      0     0    34692.0247  1900    56371.9000      Cuts: 91    21341   38.46%
      0     0    34734.2487  1933    56371.9000      Cuts: 71    21689   38.38%
      0     0    34791.8419  1878    56371.9000      Cuts: 88    22078   38.28%
      0     0    34829.4698  2003    56371.9000     Cuts: 104    22411   38.21%
      0     0    34854.5798  2026    56371.9000      Cuts: 72    22631   38.17%
      0     0    34872.4413  2040    56371.9000      Cuts: 70    22846   38.14%
      0     0    34885.1078  2033    56371.9000      Cuts: 79    23054   38.12%
      0     0    34925.6520  1991    56371.9000      Cuts: 60    23324   38.04%
      0     0    34941.5870  1994    56371.9000      Cuts: 57    23498   38.02%
      0     0    35128.2960  1947    56371.9000      Cuts: 49    23793   37.68%
      0     0    35166.8656  1979    56371.9000      Cuts: 74    24090   37.62%
      0     0    35186.6465  2007    56371.9000      Cuts: 94    24350   37.58%
      0     0    35208.2188  2027    56371.9000      Cuts: 73    24641   37.54%
      0     0    35235.8851  2010    56371.9000      Cuts: 80    24913   37.49%
      0     0    35247.0064  2027    56371.9000      Cuts: 52    25098   37.47%
      0     0    35293.7455  1955    56371.9000      Cuts: 55    25352   37.39%
      0     0    35380.4645  1984    56371.9000      Cuts: 90    25764   37.24%
      0     0    35429.2360  2030    56371.9000      Cuts: 89    26093   37.15%
      0     0    35442.6178  2051    56371.9000      Cuts: 78    26344   37.13%
Detecting symmetries...
      0     2    35442.6178  2027    56371.9000    35442.6178    26344   37.13%
Elapsed time = 64.91 sec. (14429.38 ticks, tree = 0.02 MB, solutions = 1)
      2     4    37627.8904  1881    56371.9000    35447.8816    27478   37.12%
      7     9    37684.7263  1872    56371.9000    35447.8816    28448   37.12%
     12    14    38944.7112  1733    56371.9000    35447.8816    29911   37.12%
     18    20    39626.5463  1641    56371.9000    35447.8816    31007   37.12%
     19    21    39721.1836  1535    56371.9000    35447.8816    31809   37.12%
     25    27    39740.2719  1508    56371.9000    35447.8816    33119   37.12%
     28    30    39947.6354  1513    56371.9000    35447.8816    34797   37.12%
     29    31    42295.0123  1471    56371.9000    35447.8816    35694   37.12%
     32    34    40050.8388  1482    56371.9000    35447.8816    36311   37.12%
     43    45    43067.8837  1253    56371.9000    35447.8816    40383   37.12%
Elapsed time = 81.22 sec. (17915.31 ticks, tree = 0.91 MB, solutions = 1)
     64    59    37848.0744  1780    56371.9000    35462.2739    44693   37.09%
    105   102    53067.7100  1003    56371.9000    35462.2739    64303   37.09%
    158   138    41614.7304  1501    56371.9000    35462.2739    81656   37.09%
    182   159    41827.2127  1430    56371.9000    35462.2739    95161   37.09%
    210   168    43154.3136  1756    56371.9000    35462.2739    99123   37.09%
    241   214    52091.0918  1373    56371.9000    35462.2739   117686   37.09%
    293   229    48661.7910  1497    56371.9000    35462.2739   126444   37.09%
    348   288    40081.5221  1619    56371.9000    35462.2739   138949   37.09%
    405   337    44500.8121  1476    56371.9000    35462.2739   149292   37.09%
    480   403    43338.0573  1444    56371.9000    35462.2739   158262   37.09%
Elapsed time = 131.08 sec. (27621.50 ticks, tree = 8.49 MB, solutions = 1)
    546   446    49375.0704  1407    56371.9000    35508.1612   166799   37.01%
    605   520    36652.1978  1837    56371.9000    35509.3227   182839   37.01%
    661   559    44064.4237  1799    56371.9000    35509.3227   188229   37.01%
    724   634    50589.7214  1592    56371.9000    35509.3227   201051   37.01%
    801   677    39079.6174  1448    56371.9000    35509.3227   213350   37.01%
    890   770    39632.7850  1549    56371.9000    35509.3227   222256   37.01%
   1012   850    42378.4718  1226    56371.9000    35509.3227   231783   37.01%
   1158  1021    45463.0333   998    56371.9000    35674.8833   245601   36.72%
   1278  1045    48233.4347  1496    56371.9000    35674.8833   250947   36.72%

Performing restart 1

Repeating presolve.
Tried aggregator 1 time.
Reduced MIP has 7884 rows, 11678 columns, and 40289 nonzeros.
Reduced MIP has 6538 binaries, 5140 generals, 0 SOSs, and 0 indicators.
Presolve time = 0.06 sec. (20.75 ticks)
Tried aggregator 1 time.
Reduced MIP has 7884 rows, 11678 columns, and 40289 nonzeros.
Reduced MIP has 6538 binaries, 5140 generals, 0 SOSs, and 0 indicators.
Presolve time = 0.03 sec. (26.50 ticks)
Represolve time = 0.22 sec. (90.50 ticks)
   1293     0    39533.7952  1653    56371.9000    Cuts: 2071   281749   29.87%
   1293     0    41019.8634  1966    56371.9000    Cuts: 2071   285250   27.23%
   1293     0    42955.1074  1702    56371.9000    Cuts: 2071   288510   23.80%
   1293     0    43584.7178  1762    56371.9000    Cuts: 2071   290687   22.68%
   1293     0    44148.3356  1835    56371.9000    Cuts: 2071   292505   21.68%
   1293     0    44577.0125  1920    56371.9000    Cuts: 1978   294525   20.92%
   1293     0    44977.6977  1591    56371.9000    Cuts: 2071   296386   20.21%
   1293     0    45364.1227  1687    56371.9000    Cuts: 1682   298534   19.53%
   1293     0    45675.8608  1749    56371.9000    Cuts: 1805   300217   18.97%
   1293     0    45937.0018  1702    56371.9000    Cuts: 1621   301580   18.51%
   1293     0    46116.0126  1776    56371.9000    Cuts: 1691   303116   18.19%
   1293     0    46348.9874  1863    56371.9000    Cuts: 1682   304736   17.78%
   1293     0    46547.0904  1708    56371.9000    Cuts: 1705   306355   17.43%
   1293     0    46697.1796  1768    56371.9000    Cuts: 1683   307876   17.16%
   1293     0    46837.0432  1661    56371.9000    Cuts: 1411   309253   16.91%
   1293     0    47052.8253  1756    56371.9000    Cuts: 1547   310963   16.53%
   1293     0    47250.9420  1767    56371.9000    Cuts: 1622   312516   16.18%
   1293     0    47469.1616  1710    56371.9000    Cuts: 1680   314065   15.79%
   1293     0    47578.5695  1655    56371.9000    Cuts: 1368   315361   15.60%
   1293     0    47718.8318  1813    56371.9000    Cuts: 1358   316751   15.35%
   1293     0    47817.7006  1803    56371.9000    Cuts: 1520   317934   15.17%
   1293     0    47949.0477  1744    56371.9000    Cuts: 1259   319458   14.94%
   1293     0    48198.7436  1800    56371.9000    Cuts: 1271   321001   14.50%
   1293     0    48258.2008  1799    56371.9000    Cuts: 1412   322210   14.39%
   1293     0    48320.7497  1645    56371.9000    Cuts: 1399   323222   14.28%
   1293     0    48395.4166  1821    56371.9000    Cuts: 1213   324355   14.15%
   1293     0    48447.9706  1832    56371.9000    Cuts: 1451   325272   14.06%
   1293     0    48486.9305  1867    56371.9000    Cuts: 1170   326245   13.99%
   1293     0    48526.8389  1905    56371.9000    Cuts: 1240   327392   13.92%
   1293     0    48568.8325  1965    56371.9000    Cuts: 1299   328525   13.84%
   1293     0    48611.9626  1910    56371.9000    Cuts: 1072   329585   13.77%
   1293     0    48671.3917  1860    56371.9000    Cuts: 1090   330607   13.66%
   1293     0    48726.2012  1912    56371.9000    Cuts: 1176   331667   13.56%
   1293     0    48823.7523  1824    56371.9000    Cuts: 1180   332967   13.39%
   1293     0    48850.9974  1833    56371.9000    Cuts: 1124   333917   13.34%
   1293     0    48900.5333  1880    56371.9000    Cuts: 1222   335068   13.25%
   1293     0    49016.3971  1723    56371.9000    Cuts: 1147   336293   13.05%
   1293     0    49042.4825  1812    56371.9000    Cuts: 1208   337186   13.00%
   1293     0    49079.0519  1794    56371.9000    Cuts: 1097   338048   12.94%
   1293     0    49114.5033  1793    56371.9000    Cuts: 1306   339081   12.87%
   1293     0    49180.1007  1727    56371.9000     Cuts: 879   340377   12.76%
   1293     0    49244.5260  1839    56371.9000    Cuts: 1448   341743   12.64%
   1293     0    49320.1672  1756    56371.9000    Cuts: 1440   343172   12.51%
   1293     0    49354.9646  1739    56371.9000    Cuts: 1444   344369   12.45%
   1293     0    49399.3970  1828    56371.9000    Cuts: 1409   345743   12.37%
   1293     0    49442.1619  1788    56371.9000    Cuts: 1958   346946   12.29%
   1293     0    49466.3494  1885    56371.9000    Cuts: 1228   347972   12.25%
   1293     0    49489.2961  1920    56371.9000     Cuts: 966   348975   12.21%
   1293     0    49511.9806  1822    56371.9000    Cuts: 1232   350025   12.17%
   1293     0    49533.6762  1871    56371.9000    Cuts: 1206   350991   12.13%
   1293     0    49552.0196  1908    56371.9000    Cuts: 1385   351956   12.10%
   1293     0    49573.3172  1792    56371.9000     Cuts: 699   352820   12.06%
   1293     0    49595.4675  1876    56371.9000    Cuts: 2024   354124   12.02%
   1293     0    49611.4463  1907    56371.9000    Cuts: 1387   355046   11.99%
   1293     0    49619.1129  1860    56371.9000    Cuts: 1425   355979   11.98%
   1293     0    49630.9532  1881    56371.9000    Cuts: 1364   356870   11.96%
   1293     2    49630.9532  1825    56371.9000    49630.9532   356870   11.96%
Elapsed time = 462.55 sec. (106094.55 ticks, tree = 0.02 MB, solutions = 1)
   1299     8    49657.5076  1678    56371.9000    49636.4252   358135   11.95%
   1303     4    51599.9493  1454    56371.9000    49636.4252   359893   11.95%
   1314    17    51411.3763  1429    56371.9000    49657.2585   367712   11.91%
   1325    30    49739.2597  1660    56371.9000    49657.2585   378434   11.91%
   1343    49    52829.5063  1391    56371.9000    49657.2585   388830   11.91%
   1354    48    52519.5659  1505    56371.9000    49657.2585   392390   11.91%
   1363    50    53717.4829  1410    56371.9000    49657.2585   390684   11.91%
   1370    68    50368.9410  1600    56371.9000    49657.2585   408803   11.91%
   1394    84    55416.3153  1473    56371.9000    49657.2585   427188   11.91%
   1410    91    55776.5734  1344    56371.9000    49657.2585   429326   11.91%
Elapsed time = 510.97 sec. (117834.41 ticks, tree = 2.74 MB, solutions = 1)
   1441   116    52007.7876  1524    56371.9000    49657.2585   443442   11.91%
   1465   160    50438.0296  1324    56371.9000    49657.2585   462139   11.91%
   1501   170    51108.9517  1388    56371.9000    49657.2585   465149   11.91%
   1537   204    55704.4785  1158    56371.9000    49657.2585   472845   11.91%
   1558   227    53351.6563  1628    56371.9000    49657.2585   484736   11.91%
   1609   281    53388.3865  1550    56371.9000    49657.2585   498983   11.91%
   1672   289    53735.2711  1472    56371.9000    49657.2585   501871   11.91%
   1717   356    53993.5137  1022    56371.9000    49657.2585   509591   11.91%
   1765   402    54440.5807  1566    56371.9000    49657.2585   521824   11.91%
   1807   487    52750.0384  1025    56371.9000    49657.2585   537031   11.91%
Elapsed time = 556.36 sec. (127629.86 ticks, tree = 30.81 MB, solutions = 1)
   1876   467    54333.7317  1424    56371.9000    49657.2585   534494   11.91%
   1920   516    51968.4930  1346    56371.9000    49657.2585   543587   11.91%
   1974   525    54674.5518  1331    56371.9000    49657.2585   545219   11.91%
   2022   677    55641.3358  1357    56371.9000    49657.2585   577350   11.91%
   2080   630    52658.5377  1485    56371.9000    49657.2585   570877   11.91%
   2109   722    53323.4927  1371    56371.9000    49657.2585   591357   11.91%
   2123   752    52304.0764  1549    56371.9000    49657.2585   602470   11.91%
   2129   763    53493.3473  1376    56371.9000    49657.2585   605575   11.91%
   2143   780    50790.0278  1695    56371.9000    49677.9006   616550   11.87%
   2158   781    52366.6663  1607    56371.9000    49719.8057   613075   11.80%
Elapsed time = 602.74 sec. (137721.88 ticks, tree = 52.71 MB, solutions = 1)
   2167   817    51062.5340  1608    56371.9000    49719.8057   636862   11.80%
   2177   822    51456.5589  1543    56371.9000    49719.8057   639748   11.80%
   2196   831    54637.6969  1350    56371.9000    49719.8057   650665   11.80%
   2222   855    54873.6783  1374    56371.9000    49719.8057   673688   11.80%
   2256   859        cutoff          56371.9000    49719.8057   676669   11.80%
   2294   885    53693.5512   907    56371.9000    49719.8057   682777   11.80%
   2325   909    53211.3259  1634    56371.9000    49746.0249   699821   11.75%
   2362   943    54291.0996   892    56371.9000    49746.0249   706903   11.75%
   2435  1011    56302.3909   779    56371.9000    49746.0249   726425   11.75%
   2472  1064    50879.9766  1662    56371.9000    49746.0249   740408   11.75%
Elapsed time = 648.59 sec. (147614.74 ticks, tree = 73.15 MB, solutions = 1)
   2521  1070    52939.2245  1681    56371.9000    49746.0249   743755   11.75%
   2543  1142    54477.1559  1093    56371.9000    49746.0249   766239   11.75%
   2578  1131    54497.2080  1253    56371.9000    49746.0249   762611   11.75%
   2622  1184        cutoff          56371.9000    49746.0249   776805   11.75%
   2670  1251    55850.9526  1283    56371.9000    49816.1338   799313   11.63%
   2718  1207    56305.5622   700    56371.9000    49816.1338   786207   11.63%
   2737  1284    53141.9766  1495    56371.9000    49816.1338   809119   11.63%
   2750  1289    52357.2206  1536    56371.9000    49816.1338   811868   11.63%
   2779  1324    51964.0963  1484    56371.9000    49861.9257   822997   11.55%
   2798  1334    51353.8733  1669    56371.9000    49893.3786   827889   11.49%
Elapsed time = 696.12 sec. (157692.32 ticks, tree = 95.17 MB, solutions = 1)
   2812  1377    53127.1221  1476    56371.9000    49893.3786   849891   11.49%
   2834  1396    53207.1622  1569    56371.9000    49893.3786   861518   11.49%
   2858  1405    53226.2513  1312    56371.9000    49893.3786   867577   11.49%
   2880  1435    54454.7067  1456    56371.9000    49893.3786   879793   11.49%
   2910  1462    54695.9479  1576    56371.9000    49893.3786   894150   11.49%
   2939  1475    55149.5397  1203    56371.9000    49902.4426   896861   11.48%
   2965  1473    56182.3046  1449    56371.9000    49912.4599   904761   11.46%
   2985  1508        cutoff          56371.9000    49912.4599   919745   11.46%
   3003  1536        cutoff          56371.9000    49912.4599   937049   11.46%
   3025  1532    55407.3571  1294    56371.9000    49961.0132   934296   11.37%
Elapsed time = 743.09 sec. (167693.16 ticks, tree = 104.71 MB, solutions = 1)
   3036  1565    54613.9230  1609    56371.9000    49961.0132   951849   11.37%
   3053  1588    54264.6082  1609    56371.9000    49961.0132   979236   11.37%
   3075  1586    52215.9832  1558    56371.9000    49961.0132   974560   11.37%
   3100  1593        cutoff          56371.9000    49961.0132   986302   11.37%
   3120  1615    55784.4087   995    56371.9000    49961.0132   996525   11.37%
   3142  1623    53311.7444  1605    56371.9000    49961.0132  1006553   11.37%
   3160  1649    51936.5936  1770    56371.9000    49961.0132  1017176   11.37%
   3177  1654    52737.1330  1537    56371.9000    50249.1736  1020093   10.86%
   3196  1656    51575.2997  1496    56371.9000    50249.1736  1039889   10.86%
   3287  1725    51678.4671  1688    56371.9000    50249.1736  1072672   10.86%
Elapsed time = 805.66 sec. (180452.61 ticks, tree = 116.61 MB, solutions = 1)
   3381  1846    53336.8275  1765    56371.9000    50369.8275  1127682   10.65%
   3450  1861    54576.3811  1497    56371.9000    50370.5357  1139470   10.65%
   3546  1960    51972.2139  1839    56371.9000    50373.8310  1192167   10.64%
   3654  2022    56241.9769  1640    56371.9000    50373.8310  1220402   10.64%
   3741  2092    54715.7446  1547    56371.9000    50388.0752  1259105   10.61%
   3838  2227    52418.7609  1103    56371.9000    50423.8268  1310285   10.55%
   3916  2282    54510.5607  1686    56371.9000    50423.8268  1336927   10.55%
   3987  2343    55853.3733   816    56371.9000    50492.8777  1389358   10.43%
   4075  2386    54857.7840  1454    56371.9000    50492.8777  1409254   10.43%
   4173  2466    53546.3836  1210    56371.9000    50492.8777  1460258   10.43%
Elapsed time = 993.52 sec. (218835.92 ticks, tree = 175.14 MB, solutions = 1)
   4266  2561    53951.6555  1629    56371.9000    50535.2618  1505492   10.35%
   4371  2587    54008.7780  1276    56371.9000    50548.0936  1520283   10.33%
   4478  2706    55456.2419   636    56371.9000    50604.2548  1565469   10.23%
   4615  2748    53869.5291  1126    56371.9000    50629.8031  1588235   10.19%
   4764  2920        cutoff          56371.9000    50629.8031  1639442   10.19%
   4804  3032    55672.1971  1376    56371.9000    50650.8913  1687200   10.15%
   4859  3066    53644.8715  1705    56371.9000    50650.8913  1709539   10.15%
   4944  3103    53694.2200  1702    56371.9000    50650.8913  1738333   10.15%
   5044  3152    55105.2872  1351    56371.9000    50650.8913  1760875   10.15%
   5096  3240    53210.7104  1656    56371.9000    50700.6954  1813123   10.06%
Elapsed time = 1177.58 sec. (257336.06 ticks, tree = 237.95 MB, solutions = 1)
   5181  3292    53779.2174  1597    56371.9000    50736.2339  1835841   10.00%
   5271  3390    54443.0186  1668    56371.9000    50744.2933  1891324    9.98%
   5358  3472        cutoff          56371.9000    50747.5335  1933981    9.98%
   5462  3529    55237.9034  1692    56371.9000    50748.4742  1966898    9.98%
   5533  3584    55037.4252  1216    56371.9000    50765.2751  1995949    9.95%
   5605  3646    51640.4980  1360    56371.9000    50780.7879  2041873    9.92%
   5676  3703    53891.5373  1818    56371.9000    50790.4631  2078058    9.90%
   5769  3719        cutoff          56371.9000    50790.4631  2087777    9.90%
   5856  3802    55771.0902  1166    56371.9000    50850.6925  2124134    9.79%
   5936  3856    55789.4602  1745    56371.9000    50852.1910  2163324    9.79%
Elapsed time = 1360.20 sec. (295879.07 ticks, tree = 289.12 MB, solutions = 1)
   6002  3947    55406.7172  1667    56371.9000    50865.6615  2198298    9.77%
   6073  3981    53274.3524  1408    56371.9000    50865.9377  2241812    9.77%
   6137  4023    53003.0954  1807    56371.9000    50876.7475  2268963    9.75%
   6221  4110    55403.7973  1054    56371.9000    50876.7475  2324075    9.75%
   6288  4133    53414.7501  1732    56371.9000    50881.0882  2350779    9.74%
   6343  4209    51725.9100  1803    56371.9000    50885.3305  2421664    9.73%
   6409  4271    56348.0821  1656    56371.9000    50885.3305  2466775    9.73%
   6490  4281    55524.1983  1140    56371.9000    50893.0176  2476587    9.72%
   6554  4325    54249.2614  1613    56371.9000    50924.0891  2516389    9.66%
   6672  4370    56368.7852  1092    56371.9000    50953.5644  2541938    9.61%
Elapsed time = 1528.61 sec. (334868.75 ticks, tree = 326.92 MB, solutions = 1)
   6714  4454    52527.5796  1866    56371.9000    50957.1623  2607200    9.61%
   6806  4504    54901.5045   946    56371.9000    50966.1932  2644214    9.59%
   6915  4592    56109.4942  1312    56371.9000    50966.1932  2683869    9.59%
   7007  4599    54632.8321  1728    56371.9000    50969.1345  2692100    9.58%
   7081  4690    51616.5462  1374    56371.9000    50991.9720  2726134    9.54%
   7186  4734    55353.2734   935    56371.9000    50997.2175  2761049    9.53%
   7288  4835    55591.8737  1353    56371.9000    50997.2175  2803747    9.53%
   7390  4938    54195.1065   944    56371.9000    51008.7297  2839528    9.51%
   7467  4986    53823.5685  1085    56371.9000    51020.9781  2877319    9.49%
   7546  5110    55303.6488  1295    56371.9000    51025.0366  2941525    9.48%
Elapsed time = 1698.75 sec. (373296.34 ticks, tree = 392.92 MB, solutions = 1)
   7611  5170    52894.2816  1238    56371.9000    51025.1534  2974454    9.48%
   7691  5254    54695.0079  1836    56371.9000    51025.1534  3025477    9.48%
   7752  5264    54255.6769  1162    56371.9000    51035.6436  3033528    9.47%
   7810  5313    54402.3837  1082    56371.9000    51040.8396  3085758    9.46%
   7880  5389    53978.5939  1689    56371.9000    51040.8396  3136792    9.46%
   7933  5431    52541.9912  1640    56371.9000    51044.8656  3177493    9.45%
   8004  5448    53228.5454  1816    56371.9000    51054.4669  3187473    9.43%
   8081  5552    54502.7309  1649    56371.9000    51054.7585  3246293    9.43%
   8142  5568    55858.4398  1641    56371.9000    51054.7585  3256016    9.43%
   8197  5629    55016.8099   971    56371.9000    51059.0954  3306475    9.42%
Elapsed time = 1868.97 sec. (412120.33 ticks, tree = 429.80 MB, solutions = 1)
   8258  5712    52361.2897  1964    56371.9000    51059.0954  3359158    9.42%
   8315  5752    56328.0685  1654    56371.9000    51060.3863  3398091    9.42%
   8370  5760    51754.6040  2023    56371.9000    51062.5340  3405136    9.42%
   8427  5797    53854.0784  1368    56371.9000    51083.0044  3424164    9.38%
   8515  5898    56324.2731  1261    56371.9000    51089.0477  3491058    9.37%
   8581  5907    55662.4715  1028    56371.9000    51091.8857  3500705    9.37%
   8636  6005    55502.8399  1712    56371.9000    51092.7703  3587142    9.36%
   8707  6027    52786.8629  1086    56371.9000    51102.0589  3606579    9.35%
   8782  6078    56049.9546  1242    56371.9000    51102.0589  3634738    9.35%
   8854  6080    54588.7668  1688    56371.9000    51135.0747  3648896    9.29%
Elapsed time = 2038.30 sec. (450914.73 ticks, tree = 471.71 MB, solutions = 1)
   8924  6201    55255.7999  1915    56371.9000    51145.6393  3720918    9.27%
   9036  6281    52732.1049  1639    56371.9000    51145.6393  3763575    9.27%
   9135  6373    55530.3688   740    56371.9000    51151.2558  3791375    9.26%
   9223  6415    54867.2177  1306    56371.9000    51165.0449  3826273    9.24%
   9288  6377    55143.4372  1356    56371.9000    51165.0449  3817837    9.24%
   9373  6465    55587.0163  1552    56371.9000    51179.3195  3866618    9.21%
   9442  6571    54408.2520  1734    56371.9000    51179.3195  3902879    9.21%
   9477  6610    54513.8994  1784    56371.9000    51192.9867  3943528    9.19%
   9537  6674    52872.8803  2017    56371.9000    51211.0310  3993981    9.16%
   9597  6769    53769.8193  1305    56371.9000    51211.0310  4051014    9.16%
Elapsed time = 2211.09 sec. (489755.31 ticks, tree = 535.52 MB, solutions = 1)
   9656  6788    52698.7655  1466    56371.9000    51212.5885  4091230    9.15%
   9753  6835    55434.2653   733    56371.9000    51234.0961  4101284    9.11%
   9851  6880    53728.9975  1623    56371.9000    51240.2534  4161741    9.10%
   9904  6975    55345.3642  1433    56371.9000    51245.0526  4187906    9.09%
   9950  6901    54399.4226  1797    56371.9000    51263.5844  4182189    9.06%
   9985  7057    55327.3045  1825    56371.9000    51264.3343  4266013    9.06%
  10044  7046    55413.3103  1309    56371.9000    51265.3299  4254464    9.06%
  10102  7115    55884.5117  1426    56371.9000    51272.0068  4341295    9.05%
  10161  7121    54958.8793  1679    56371.9000    51272.0068  4351067    9.05%
  10250  7172    53175.2941  1406    56371.9000    51280.6864  4380325    9.03%
Elapsed time = 2384.84 sec. (528355.46 ticks, tree = 570.50 MB, solutions = 1)
  10326  7280    56167.9950   662    56371.9000    51281.0531  4467323    9.03%
  10406  7304    56147.4760  1597    56371.9000    51294.5774  4509281    9.01%
  10496  7405        cutoff          56371.9000    51312.7705  4562506    8.97%
  10594  7340    53898.4471  1888    56371.9000    51315.0715  4527864    8.97%
  10682  7355    51955.0513  1826    56371.9000    51315.9629  4554034    8.97%
  10747  7513    53355.2788  1714    56371.9000    51317.7928  4626392    8.97%
  10813  7553    55355.9814  1634    56371.9000    51320.1646  4650048    8.96%
  10854  7633    53941.1738  1798    56371.9000    51322.5399  4697345    8.96%
  10924  7665    55078.9676  1409    56371.9000    51324.6797  4707280    8.95%
  11001  7802    55091.9060  1092    56371.9000    51324.6797  4812337    8.95%
Elapsed time = 2557.72 sec. (567234.31 ticks, tree = 629.93 MB, solutions = 1)
  11096  7777    52510.6609  1480    56371.9000    51325.6271  4800634    8.95%
  11150  7893    53062.1966  1472    56371.9000    51325.6271  4865903    8.95%
  11244  7913    56327.8714  1306    56371.9000    51336.3360  4874308    8.93%
  11315  7942    54004.6462  1282    56371.9000    51336.3360  4899221    8.93%
  11416  8038    56296.4609  1598    56371.9000    51349.3063  4954040    8.91%
  11489  8072    55310.9645  1945    56371.9000    51356.0311  4984006    8.90%
  11568  8090    53713.1297  1272    56371.9000    51358.4248  4991542    8.89%
  11650  8213    52183.9948  1168    56371.9000    51359.9886  5062605    8.89%
  11717  8330    55805.5871  1884    56371.9000    51372.6348  5135863    8.87%
  11789  8300    52970.0254  1988    56371.9000    51372.6348  5116622    8.87%
Elapsed time = 2737.66 sec. (605936.38 ticks, tree = 672.22 MB, solutions = 1)
  11884  8392    55852.2762  1079    56371.9000    51383.5565  5169430    8.85%
  11966  8500    52442.0139  1914    56371.9000    51395.7160  5237859    8.83%
  12046  8548    56343.6022  1642    56371.9000    51403.3692  5262167    8.81%
  12142  8497    54851.8750  1858    56371.9000    51411.3854  5232164    8.80%
  12192  8571    53978.9970  1449    56371.9000    51411.3854  5280218    8.80%
  12297  8584    55962.6897  1667    56371.9000    51413.6012  5289941    8.80%
  12383  8735    55666.9058  1710    56371.9000    51417.4403  5363183    8.79%
  12460  8817    53886.7359  1843    56371.9000    51424.1235  5415967    8.78%
  12515  8888    54412.1428  1925    56371.9000    51425.7312  5442852    8.77%
  12602  8999    55963.9621  1301    56371.9000    51425.7312  5523876    8.77%
Elapsed time = 2915.24 sec. (644454.99 ticks, tree = 736.66 MB, solutions = 1)
  12652  9014    53378.0869  1145    56371.9000    51425.7312  5533366    8.77%
  12703  9026    53933.5243  1874    56371.9000    51438.6204  5540285    8.75%
  12766  9067    53114.4451  1793    56371.9000    51443.1547  5591798    8.74%
  12844  9078    56051.3419  1097    56371.9000    51443.3377  5577103    8.74%
  12930  9109    54328.8382  1818    56371.9000    51447.7331  5630922    8.74%
  13027  9257    56129.0488  1782    56371.9000    51449.5021  5727093    8.73%
  13087  9301    54260.1876  1435    56371.9000    51458.0534  5713239    8.72%
  13174  9345    56168.7803  1350    56371.9000    51464.2107  5789267    8.71%
  13241  9352    52354.8117  1930    56371.9000    51467.6056  5796564    8.70%
  13321  9495    54770.5408  1813    56371.9000    51471.1486  5851819    8.69%
Elapsed time = 3095.41 sec. (683173.30 ticks, tree = 779.42 MB, solutions = 1)
  13406  9390    51526.4202  1950    56371.9000    51471.1486  5814583    8.69%
  13466  9524    52938.9611  1831    56371.9000    51485.4756  5869851    8.67%
  13533  9623    55068.3834  1799    56371.9000    51489.9568  5946362    8.66%
  13585  9693        cutoff          56371.9000    51491.2853  5976387    8.66%
  13669  9701    52079.8521  1821    56371.9000    51493.7802  5981556    8.65%
  13750  9847    53513.5965  1643    56371.9000    51496.6197  6081258    8.65%
  13845  9903    54597.7088  1328    56371.9000    51503.0789  6113152    8.64%
  13902  9912    54507.1584  1908    56371.9000    51503.0789  6122041    8.64%
  13948 10004    52619.0160  1960    56371.9000    51515.5529  6175333    8.61%
  14005  9977    55200.6143  1749    56371.9000    51520.8105  6161725    8.61%
Elapsed time = 3274.83 sec. (721982.99 ticks, tree = 824.66 MB, solutions = 1)
  14080 10002    53300.8348  1308    56371.9000    51523.0483  6170688    8.60%
  14164 10091    54625.9986  1212    56371.9000    51524.7187  6251625    8.60%
  14230 10215        cutoff          56371.9000    51527.5687  6308837    8.59%
  14294 10224    56055.9311  1337    56371.9000    51534.4708  6311631    8.58%
  14369 10261    55602.9885   894    56371.9000    51534.4708  6340424    8.58%
  14452 10273    55750.4997  1498    56371.9000    51544.3244  6362898    8.56%
  14523 10364    53248.2031  1838    56371.9000    51550.3716  6406260    8.55%
  14621 10308    52874.3353  1688    56371.9000    51550.3716  6380877    8.55%
  14699 10501    55726.5706  1313    56371.9000    51554.4298  6473666    8.55%
  14781 10535    55789.6787  1234    56371.9000    51559.2206  6494316    8.54%
Elapsed time = 3457.39 sec. (760605.16 ticks, tree = 875.69 MB, solutions = 1)
  14853 10711    55848.9757  1625    56371.9000    51564.6761  6598873    8.53%
  14926 10718    53858.4018  1964    56371.9000    51564.6761  6607257    8.53%
  14999 10693    55026.7405  1347    56371.9000    51565.3312  6589813    8.53%
  15070 10865    55006.6985  1780    56371.9000    51569.5164  6700670    8.52%
  15144 10909    54760.2534  1367    56371.9000    51571.0656  6734913    8.52%
  15207 10813    55774.7083  1696    56371.9000    51571.0656  6687505    8.52%
  15254 10954    53977.2314  1198    56371.9000    51572.1496  6771379    8.51%

GUB cover cuts applied:  225
Cover cuts applied:  10
Implied bound cuts applied:  287
Flow cuts applied:  230
Mixed integer rounding cuts applied:  3262
Zero-half cuts applied:  261
Lift and project cuts applied:  26
Gomory fractional cuts applied:  43

Root node processing (before b&c):
  Real time             =   64.89 sec. (14416.64 ticks)
Parallel b&c, 4 threads:
  Real time             = 3535.44 sec. (776403.60 ticks)
  Sync time (average)   =   75.90 sec.
  Wait time (average)   =    0.06 sec.
                          ------------
Total (root+branch&cut) = 3600.33 sec. (790820.24 ticks)
